IgA plasma	IgG plasma	IgA+IgG+ plasma	IgA-IgG- plasma	Pro-B	Naive B	Memory B	GC B	Cycling GC B	Cycling plasma
AHR	0.188706569137375	0.0579200171085251	0.0165087672983592	0.0258817973992209	0.00819864980348139	0.325569578659282	0.28707866613792	0.0797419921254466	0.0554865054315666	0.00527584953044336
AIRE	0.134309136867213	0.0473803472315384	0.0205803786601202	0.0186208939221054	0.00436164494705893	0.297868504946733	0.262218127007681	0.0445765705789116	0.0183645514169246	0.00159074869763742
ARID3A	0.131431087151511	0.0641622114961768	0.0230914346934769	0.0261496848337003	0.00634289286488487	0.164271846116992	0.17782759131344	0.0255679913383363	0.0110072778771403	0.00923339351686225
ARNT	0.141413418360289	0.0675435337162	0.0311322771213551	0.0265368535730306	0.00362197771908357	0.178184880860487	0.110196099070072	0.0253595794093986	0.0141386566886145	0.00190909045855947
ARNT2	0.180328592616637	0.0594819836788667	0.0250977980658699	0.0286161864806879	0.00840562505574893	0.177849496553116	0.163384505220886	0.0377956962116303	0.0241152415936092	0.00225705446562829
ARNTL	0.138878457078995	0.0459968123765834	0.013543229826331	0.0199950667129882	0.00533492768769273	0.304544060197594	0.261689975034177	0.0478196239651314	0.0298504732621793	0.00285848202453853
ARNTL2	0.232360646025657	0.0567773689100952	0.0328316790293082	0.0416823274580123	0.00484622481259245	0.182571811678091	0.149882786707401	0.0618997874617669	0.0350431174362941	0.00477953718813917
ASCL1	0.165281148442938	0.0624230722102823	0.0211942469199458	0.0244909186261359	0.00553180537319775	0.181362474098237	0.177215206433288	0.0319599412566728	0.0214961514129102	0.00596054250386691
ATF1	0.230541775807803	0.0680593317009378	0.0227908662665142	0.0287701281614584	0.00713833491389548	0.319554039472875	0.268440384016645	0.0675347741310282	0.0466899116877183	0.00438136351806917
ATF2	0.271554952733785	0.0769491957630102	0.0259732231089936	0.0348073182030932	0.0061063445216144	0.2961835794639	0.245386691798313	0.0616425571212392	0.035152633301071	0.00431879079867992
ATF3	0.364262918476857	0.102079198982665	0.0318069055071249	0.0425293514588687	0.00465416357991533	0.242276606933513	0.215225843048156	0.0527504888522461	0.0388666144939089	0.00868357023863586
ATF4	0.330033754518872	0.0940880920135453	0.0297728723223774	0.0389323120641358	0.00504803974263424	0.267129589155948	0.22604559792955	0.0666414614945561	0.0511295240646553	0.00982598525061762
ATF5	0.355658638961067	0.101621083275071	0.0300852219608794	0.0418233846628122	0.00444926941118429	0.249809873416345	0.21422197377433	0.0599253867891226	0.0442012129505726	0.0103166683121453
ATF6	0.348399802167683	0.108002093488439	0.0320188612751878	0.0434314028915945	0.00477646284246458	0.250518365164249	0.209739984718037	0.0627623584174747	0.0396723769134192	0.0102413219882335
BACH1	0.26365681737764	0.0800654790633248	0.0244756373160693	0.0333728249374058	0.00554224278862103	0.312804158573254	0.258249427114189	0.0705347514139899	0.0461020101705237	0.00610556679445895
BATF	0.136253728888527	0.0568881008830383	0.0273678553265196	0.0282514376371557	0.00152266796337419	0.0903431274443006	0.151875857316407	0.0388833294177314	0.0174604498250641	0.00353744303002246
BATF3	0.250169217843349	0.0658852714804957	0.0252884457768148	0.0294797079477331	0.00503032596316177	0.314449963312651	0.256584136057675	0.0753271821185716	0.0567645385880375	0.00786411864131675
BAX	0.130565327324225	0.0413834903739461	0.0140344325405188	0.0189931208779536	0.00442866016391896	0.235428825201023	0.2439656352753	0.0496302357014092	0.0307294508992529	0.00722202300038388
BCL11A	0.218340855949385	0.0622174128144013	0.0194547289332887	0.0261300745438885	0.00584861071746712	0.349874787982337	0.267237362457083	0.090267857316331	0.059105511026022	0.00643851527249406
BCL11B	0.0073669214621177	0.00519447608528878	0.00398260727582123	0.00480389383571977	0.00438309293640327	0.0152243733395849	0.0196811598609805	0.00567465206378392	0.00333750107413067	0.000204989397524669
BCL3	0.240156566663575	0.072539462561078	0.0221568994309346	0.029662546876793	0.00537202703332407	0.323726006889017	0.267007048037698	0.0818715256820377	0.0493656377730665	0.00542477936700836
BCLAF1	0.240214644487962	0.0707636501948468	0.0210604285936129	0.0298868163169782	0.00635383294656622	0.327853608745704	0.268998547179568	0.0780347797920981	0.057368110246709	0.00679031666825625
BDP1	0.225790200962041	0.067572308963985	0.0204450763090902	0.0291017145248832	0.00685165784816777	0.329383919365117	0.279056254797046	0.0754618630444563	0.0508620339345627	0.00564117622270299
BHLHE40	0.240435552984437	0.0700228716013532	0.0216880723522934	0.0290535463504774	0.00501657922661503	0.329967299493764	0.278971437841503	0.068738919174872	0.0440775303339137	0.00569952857276457
BPTF	0.167051863818047	0.0602350444183853	0.0219660967116827	0.0258206133984272	0.00771758447561777	0.308740689252453	0.261874735079333	0.088113486318761	0.0494398263954616	0.00252888732456658
BRCA1	0.215804664198594	0.0647109848360105	0.020156797228329	0.0271944029091058	0.00697448271838863	0.326981629240804	0.267921374215935	0.0875008963081932	0.087132153900728	0.00781299140383651
BRF1	0.264166689191895	0.0752149419020983	0.024619313115292	0.0318928736634624	0.00638206140337638	0.301883952881379	0.253264907200069	0.0775880504235889	0.0560559033253119	0.00595501798549958
BRF2	0.317513442596299	0.0893301194596332	0.0326485512035684	0.0368665730960567	0.00792588934026695	0.242620007184161	0.224146053115959	0.0472760396312762	0.0306830132872388	0.00666440054533757
CBFB	0.135663786563923	0.0453424979184557	0.0276189570211436	0.0195601175846372	0.00453610441662478	0.225051934854307	0.183592269649891	0.0475523651733644	0.0310256712624933	0.00134214077669781
CDX1	0.276875101524774	0.08824237536792	0.028118683491501	0.0407895302588359	0.0037209892975727	0.127119314123801	0.112756056338022	0.0220145164737159	0.00920278649133321	0.00374330010780177
CDX2	0.214951432634108	0.0722590560790326	0.0230301162017286	0.027730641836755	0.007035260529064	0.201088009337862	0.168852675407839	0.024823185134721	0.0149750807891742	0.00511993016980938
CEBPB	0.383967970346157	0.107924875355132	0.0338623120015163	0.0448177270364598	0.00437113544256018	0.228799919355043	0.202540872442068	0.0517162262887739	0.038225533962287	0.0104175223165378
CEBPD	0.0636455803763261	0.0260461853111207	0.0120481524953094	0.0151850018306064	0.00544235271318882	0.0724260920199369	0.0675077068760207	0.020988981260111	0.00640779978749895	0.00081025039384619
CEBPG	0.334919602722473	0.0935174517899652	0.0314101199535296	0.0400682922691308	0.00471232784562936	0.261967881093564	0.219753854117432	0.0615316654137436	0.0426865248626132	0.0079273345276073
CEBPZ	0.221525677962969	0.063058882869681	0.0199047837007351	0.0272945323760955	0.00673684372490269	0.333285179746865	0.27328041864933	0.0786527213591408	0.0667366345096254	0.00837978378894111
CHD2	0.257970250033552	0.0764711664374799	0.0225697943486449	0.0317560287965761	0.00570613113912044	0.322084068188308	0.262797168091778	0.0666680307106833	0.0447522717048784	0.00620649904254456
CLOCK	0.20747796184448	0.0794892579435648	0.0227295248319281	0.0309858910787862	0.00690221292821147	0.290162432955135	0.253097474042423	0.0573487704590782	0.0276695234296308	0.0035847394264944
CNOT3	0.0618981844136831	0.0294270787314247	0.00882954730156571	0.0145954907895107	0.00435915770926709	0.0551025709010903	0.0522942912473234	0.0244850770108526	0.0120331020751189	0.0022288862079527
CREB1	0.204162647314337	0.0614388057901587	0.0185095920692639	0.0257515344916908	0.00628052579060934	0.340067537088646	0.276495847038873	0.0881241229060097	0.0580599670502561	0.00373132384034514
CREB3	0.393453233066272	0.1152827599465	0.0344874958566915	0.0463495497945647	0.00412796144106142	0.22362730267134	0.185561983455434	0.0550512653872429	0.0409758831229751	0.0138153384488818
CREB3L1	0.0663376177007373	0.0268831740325921	0.0094885917442461	0.0148618154130933	0.00508823533107239	0.171712882104348	0.154760558097402	0.0550546743494638	0.0213149944156454	0.00164565288541074
CREB3L2	0.372958537608482	0.11006305102731	0.0323083361130952	0.0449025863167927	0.00467538883230978	0.239386976072122	0.204539997255849	0.054885381303893	0.0373138401075307	0.0107022761282883
CREB5	0.21536139569575	0.0623797499959333	0.0199539023104887	0.0276144328463749	0.00594546093854897	0.31655965128299	0.284255490754115	0.0735286796359439	0.0463905580940832	0.00390440896480959
CREM	0.237414963918252	0.06892740616596	0.0211686108909694	0.0284946837977689	0.0054628794916346	0.338269185393385	0.266150224563243	0.0773658153939717	0.0537697001666577	0.00662870343505373
CTCF	0.22476849896204	0.0673948706734252	0.0214998819792441	0.0287906058575422	0.00785729246493927	0.326368767183033	0.26896252014794	0.0812751143262223	0.0703394065926286	0.00737893996122696
CTCFL	0.175761079520697	0.0576556983648178	0.0259921405745029	0.0308614436315171	0.00633305426949005	0.131470724802977	0.133344360192586	0.0411234105760662	0.0257542574054102	0.00328326657127742
CUX1	0.218141854691498	0.0637132275849484	0.0190590466448415	0.0274244268808215	0.00691600335907827	0.325648938979938	0.263046938349094	0.108860372608518	0.0775387667905718	0.00632334347058827
DBP	0.301840496234471	0.0928321048813577	0.0302852536959796	0.0448213408328921	0.0037903456310534	0.111116313311419	0.118533950078065	0.0207008109583118	0.0157921569343732	0.0120925493012749
DDIT3	0.297950940333333	0.0835892479749791	0.0250763125104757	0.0353350909019235	0.00524569378874351	0.289747624024562	0.241068013624616	0.0674265949438132	0.0494102873474961	0.00737287938441999
DMRTA1	0.0559459060842722	0.0342930088411616	0.012323999543745	0.0142659246294813	0.00142229025861673	0.00845860900566642	0.0280408412486177	0.00429822597978269	0.00266920851706409	0.000415921570635414
E2F1	0.226771240920183	0.0642653521125294	0.0204021402544325	0.0272353590545743	0.00634096547718055	0.326696669050726	0.260676939318808	0.0924437247866176	0.0880950903464928	0.00899834496159968
E2F2	0.240381983211574	0.0690090836141606	0.0221111966027584	0.0296004592571415	0.0070111984989909	0.316559646802549	0.257131356959014	0.0813109905487136	0.0863317583153719	0.00918712775318542
E2F3	0.261347566329429	0.078281745754035	0.0270275433504059	0.0330027327298243	0.00673746710279632	0.301544398869328	0.244092086603316	0.0694780001498029	0.0496659247324538	0.00691353743969747
E2F4	0.263298787921196	0.0720252078787551	0.0251446186436117	0.0306623713285786	0.00544440199063234	0.312572449113236	0.256932427214428	0.0770037146559985	0.0609389524258979	0.0096025300848176
E2F6	0.264709676883406	0.0810017292838269	0.0308952694237359	0.034954439942578	0.00944173874290544	0.232558291350609	0.198180589273914	0.0569507556261084	0.0364557191361649	0.0107725482901544
E2F7	0.217354569732191	0.0663278139102147	0.021370400728704	0.0273429642962107	0.00639071114084533	0.300951340500451	0.259767500001642	0.085388315739661	0.114193889946687	0.0109051500708394
E2F8	0.225283810472183	0.0647795433892068	0.0199429843502248	0.0273142971120858	0.00699363058998081	0.317540718852297	0.256263127465338	0.0939206964817071	0.104120848789725	0.010066532956914
EGR1	0.334029858487187	0.0935639368723314	0.0289617694225018	0.0390067440566474	0.00502112234239971	0.267956098161186	0.229914317284486	0.0574054815044841	0.0423274774524838	0.00845886981005983
EGR2	0.249543760423157	0.0679279245700801	0.0216395858554264	0.029530400272945	0.00492965552516	0.322942163131201	0.264714875739377	0.0797163781764276	0.0549638708115002	0.0061832528228013
EGR3	0.226287339919547	0.0660872351774436	0.0214196812878786	0.0281743417703733	0.00514917354783573	0.331521238743051	0.279339209401404	0.0662062450508594	0.0372646954495751	0.00364017504208092
EHF	0.0375736888761049	0.0185481423028825	0.0114083444319547	0.0130884230857534	0.00264747321806325	0.018073791358182	0.0174093080460697	0.00770808668041678	0.00317854305252752	0.00149767547861612
ELF1	0.228847061337784	0.0669354018133462	0.0203289386694437	0.0281588224345372	0.0064051571425191	0.335700059697703	0.269480731258911	0.0845154690958262	0.0616113165405969	0.00651083298827837
ELF2	0.224771320553251	0.066261218905726	0.0193746527399509	0.0279477722373763	0.00653386890373631	0.349181125368833	0.273877436042932	0.0700577192300997	0.0448603748434211	0.00548042521340586
ELF4	0.0656899990839814	0.0242554405977744	0.00607623894061671	0.00959754354381726	0.0059301383253898	0.409650320944485	0.307472221222757	0.0975199199405664	0.0527315853006699	0.00162096577873028
ELK1	0.230787145717894	0.069335538066188	0.0222554389382791	0.0289408550093454	0.00633509673727561	0.319822406107315	0.288997669286469	0.0638550310096794	0.0425429108581667	0.00608852297957685
ELK3	0.191899280887114	0.0612464896049849	0.0173008034672026	0.0239646037724042	0.00645229262128544	0.353783044439613	0.276096360096326	0.103179580767944	0.0577880357427691	0.00482313691525782
ELK4	0.234472283501211	0.0642001181805087	0.0224723671209663	0.0295696109197097	0.00612018601025166	0.329902166630318	0.266368937117258	0.0815217974271519	0.0564417378859077	0.00736109589451761
ENO1	0.241118553832409	0.0634191282102851	0.0194309604414594	0.0282187413262827	0.00619729916912659	0.304091078459322	0.243677772883154	0.0909079403007101	0.0890849365129112	0.0130758095299409
EOMES	0.156143734814285	0.0487177937435894	0.0150114485892977	0.0213387760110941	0.00464715616883959	0.273942425776821	0.273279182143574	0.0317855996371299	0.0116464775195458	0.00167877310257925
EP300	0.120080426754558	0.0472209359880137	0.0126452330087331	0.0201550716492099	0.00764450311715947	0.305170669661318	0.267861347995395	0.0609101854061805	0.0234618913568342	0.00165664307680546
ERG	0.155224550319288	0.0537235780366517	0.0143024442624776	0.0218213037082307	0.020278875515389	0.358424087516998	0.246107322659214	0.0985183038426124	0.0645715233112341	0.00452118073541419
ESR2	0.126477359041673	0.0434668374876567	0.024988125019531	0.0307871455203853	0.000296331876399214	0.0232179051939415	0.0587267040535328	0.0107126986736872	0.00269881637715286	0.00136294155082939
ESRRA	0.281910775768298	0.0729434862017605	0.026828962224103	0.032976803113714	0.00516455729553755	0.289089679417413	0.244539707488853	0.0724496049777659	0.0632845178960539	0.0111237358206364
ETS1	0.183947058838019	0.0543392596853211	0.0171973125815729	0.0233655864693848	0.0067987693196212	0.367437851873459	0.281653198152776	0.0908888970515969	0.0580160759162482	0.00514262508724717
ETS2	0.160692421641887	0.0485767338800672	0.0153011581439172	0.0200309503386956	0.0142621877287328	0.35309251823001	0.251761759467984	0.0969926400944788	0.0662407602526587	0.00629129647412263
ETV2	0.260915867945295	0.0864296042291522	0.0353542392239236	0.0371024056470755	0.00441540411432917	0.175975294791696	0.166399197425459	0.0306859034419289	0.0189563054866063	0.00437742483858861
ETV4	0.0571079386377231	0.0190512761586832	0.0066404450753117	0.0103484649083583	0.0103761359969273	0.129883904306037	0.139040169089518	0.0335228828434011	0.0202711829626079	0.0017888522929943
ETV5	0.185658080655398	0.0672840009304345	0.0226048262636466	0.0267142880145445	0.00473917443884797	0.287854603169756	0.231579079496595	0.0797791959977263	0.0496407065992486	0.00441535246335933
ETV6	0.253035670527205	0.0761941821662568	0.0223813671110252	0.0315641091802753	0.00571850126730489	0.327687226285548	0.266310184340639	0.0664394484883676	0.0422410977415096	0.0063300493319397
ETV7	0.271525397057049	0.0972079028516208	0.0269762619866506	0.0344207656670058	0.00518131817195677	0.285898301769853	0.240444910487875	0.0579858741950329	0.0318486932963546	0.00631128983443696
FLI1	0.215586093708776	0.0616239050205921	0.0182720877729206	0.0258317600397419	0.00619633136576836	0.35107067717483	0.271728159282029	0.0862255822921489	0.0587709426335796	0.0061684974769044
FOS	0.336785804839323	0.0958572196776322	0.0285358825258453	0.0392598875213691	0.00476637627668119	0.269045481486203	0.225992558105785	0.0585517839896883	0.0426769670142064	0.00925970639491858
FOSB	0.321032555353032	0.0914067490853585	0.0282644597332352	0.0380076767445102	0.0049435017816859	0.274004309742236	0.237583033267484	0.0614736398337343	0.0456410608016752	0.00839673596925194
FOSL1	0.343053122441047	0.0950755382002435	0.0296647752623544	0.0407457007508047	0.00437276211143089	0.251279157655843	0.225173945253389	0.051643188942525	0.0342759752651153	0.00694402468267252
FOSL2	0.274560210403049	0.080497465455412	0.0251476391057408	0.0336728332592864	0.00454617903051868	0.309519175654818	0.261670267389663	0.0562477690835542	0.0346889511820886	0.00599014086295879
FOXC1	0.0852874864903522	0.0332420610611052	0.0151691885312469	0.0177038496952623	0.00709532966228754	0.166631023951814	0.165632094916188	0.0556940702419365	0.0276931641843434	0.00198474428355899
FOXF1	0.159612233731361	0.0540748883095306	0.0189487172355292	0.0226783397379302	0.00496465871836183	0.232001077098097	0.211219772374872	0.0436614322270266	0.0203607672144287	0.00526564633031179
FOXJ1	0.312917005867497	0.0850938662836813	0.0293726653937183	0.0389717876342615	0.00516551422756328	0.252983422754588	0.22310815979343	0.049244331275042	0.0400570788651995	0.00701766748460453
FOXJ2	0.0990669238834149	0.0463492831297017	0.0426125905673096	0.0281858441278361	0.004105238429715	0.0261137337677529	0.0455625412094237	0.0072640673969544	0.00352352015970847	0.00096564954820777
FOXJ3	0.139126136432463	0.0462145889488483	0.022538663878128	0.0213206121291166	0.00673897134894197	0.281129243681448	0.220536980904191	0.0537943502194472	0.0252819184921945	0.000965374395505147
FOXK1	0.0141422600397062	0.00750923690547067	0.00374909791029931	0.00607458588354981	0.00478041983582056	0.0239139151399094	0.0150175565775832	0.00430828007016471	0.00227730043243102	0.000777087636137708
FOXM1	0.121720330625194	0.0461784986568887	0.0322776705640717	0.0198486406472892	0.0025848234714706	0.167632693930471	0.137828765187779	0.0274785140267494	0.130093791222789	0.0129854082121491
FOXN2	0.0825571223249274	0.0324111846761377	0.00883696667913569	0.012274309356294	0.00325602802438696	0.345453024170414	0.307452052883604	0.0746665236879657	0.0413418762693849	0.00150103078872799
FOXN3	0.167356947101131	0.0556017228329474	0.0176341842542006	0.0249856950740138	0.00654969674206551	0.330806569503692	0.207171742110515	0.11074443464891	0.0705098935250208	0.00522815924393638
FOXO1	0.0185118816545962	0.0126321058977451	0.00434773090662144	0.00488730612736998	0.00764086790938967	0.0974791381121745	0.04362701898753	0.03118168219165	0.0146295053433168	0.000621046139316128
FOXO3	0.351314904087812	0.107637613739883	0.030629040720249	0.0432509725816985	0.00488484505092091	0.25492616761619	0.219596766396875	0.0439062843956164	0.0246943671554298	0.00644577754187603
FOXO4	0.273538530115536	0.0851135173551593	0.0253285613595077	0.0356921242295571	0.00556538321738242	0.284718788379114	0.235825517929812	0.0473940147032521	0.0217159291128687	0.00434878835740893
FOXP1	0.16670224743056	0.0485877778216682	0.0143526696615575	0.020760306810983	0.0077085148511391	0.394780002976045	0.274553242376965	0.0873287659793787	0.0522268660740639	0.00328438498146078
FOXP2	0.266273926572929	0.0750989189026156	0.02784401866883	0.0365413303524975	0.00454521444190881	0.194557225661983	0.196527478654823	0.0465254042067488	0.0191378996206073	0.00258847939326234
FOXP3	0.0593514803909148	0.0259419070567333	0.00874669901295921	0.0146426187685413	0.00517503681815978	0.165633501240085	0.100291741872373	0.023490800418499	0.00767543919381553	0.000821051567853726
FOXP4	0.156422765809629	0.0470101628827403	0.0316763804161261	0.0220823460076639	0.00477381974667423	0.0676714390776535	0.12661976229195	0.0170910056563335	0.0115206048070684	0.0024133087673448
GABPA	0.270191820748262	0.0832749508531239	0.0257902930737354	0.0343664499064615	0.00454510253943308	0.287290163432121	0.240761673161347	0.0674059624315031	0.0353034309086304	0.00495964476121558
GABPB1	0.283333559297108	0.0805893661101312	0.0255978234538217	0.0342810364775114	0.00526843411830347	0.297525631579105	0.251247208617259	0.072123770116895	0.0569851226981374	0.00911794058791271
GATA1	0.139970399673809	0.0465679933173114	0.0143822083397379	0.0207045112280975	0.00773430051519242	0.286440027031424	0.221836307835479	0.0478430135152119	0.0218390974170303	0.00145035371487934
GATA2	0.266349800965079	0.0790111592961449	0.0250725610088878	0.0333603138064487	0.00643467472795634	0.303785905271734	0.248084673286392	0.0634489253170831	0.046648635632216	0.00696430479207344
GFI1	0.125413370374567	0.0604014781786079	0.0201949234233804	0.028518123262256	0.00509465618288996	0.125952655174795	0.118289991195873	0.0265677481812185	0.0105530499421591	0.00436354597092359
GFI1B	0.0234378749794361	0.00771846728643588	0.00473842259242729	0.00673926403174252	0.0390134426588269	0.0803553192258243	0.0212899962586146	0.0104006471267934	0.0141012882369037	0.00165632149884154
GLIS3	0.147495988552309	0.0522142897474512	0.01776336987714	0.0243450993050487	0.00807342975098913	0.25765865699856	0.232717504658745	0.0636974343734532	0.0352764370109823	0.00337523693634278
GRHL1	0.223676551868346	0.0924549241855679	0.0279895359525386	0.0353527161454786	0.00272279718904345	0.23809918401139	0.169204676119385	0.0196562177332265	0.00923100404714339	0.00549792410566419
GTF2B	0.26087377175355	0.0741637736280257	0.0224287180768804	0.0310188789771935	0.00543458608948177	0.318481917013699	0.257655813386598	0.0717660698614858	0.0532812264501857	0.0069170389356864
HDAC2	0.255754655592782	0.0707655131415531	0.022133519018161	0.0303122077069088	0.00712536161845312	0.315338178320161	0.255179509426574	0.0791772363298098	0.0702819267761009	0.00986929303362383
HES1	0.056257433020966	0.0343884310224026	0.0143460914077128	0.0142706694371226	0.00258122825184948	0.0964116226889667	0.0705637413234141	0.0251568986797714	0.0105415665582943	0.00211302592392715
HES4	0.030685877082405	0.0247127465791939	0.00842437020552034	0.00817372305045461	0.00622524032394378	0.0948136734841039	0.0654873616933697	0.0207115098228803	0.00721389432174036	0.00214047006298568
HES5	0.111220462649807	0.0466188929173618	0.0176668280693975	0.0240490078111903	0.00574777153844586	0.122833173866813	0.0896066786426533	0.0257779324887311	0.0106486531999385	0.00304781885870686
HESX1	0.104825331501279	0.0385289029133393	0.0289243738901643	0.0169130193058307	0.00161458292339667	0.180354266708229	0.151531353738722	0.0331204704298483	0.0191337905996587	0.00101321603190596
HIC1	0.116801047115636	0.0366579956201594	0.0140861109839102	0.0183646897384577	0.00590803313150567	0.22857269959037	0.297004702758408	0.0446348034518849	0.0189924660569163	0.00379629076772714
HIVEP1	0.282009324277244	0.084973730050143	0.0274914350304837	0.037207830421813	0.00506271832615002	0.277509252038755	0.257714006915649	0.060236528515658	0.0331950213840413	0.00519176579269487
HLTF	0.120584215232951	0.0502280431546124	0.0395722212869717	0.0219477637861015	0.00219633360321869	0.144638078296797	0.122282694543253	0.0244170644162859	0.0186904565914713	0.000815412286623851
HMBOX1	0.117480403336991	0.0454358195571818	0.0214203471608251	0.0208569735384625	0.00554970870635207	0.198702462575931	0.160726570761753	0.0379801191454303	0.0179300278242041	0.00175758242445789
HMGA1	0.228489653665125	0.063166638616076	0.0192641913595293	0.0264409125583206	0.00575948418832539	0.317795723485776	0.25301651743417	0.105774130674394	0.0865230638285436	0.0100035372442336
HMGB3	0.193695455611601	0.0605042551463204	0.0156127094086904	0.024649614182084	0.00820780647904129	0.282134340457669	0.205936877055099	0.110426232535288	0.128901452362095	0.0171166107145383
HNF4A	0.165732708224969	0.056791888117587	0.0298722436058275	0.0264631745485001	0.00519712996988186	0.184528531899919	0.158889858358222	0.0418327293765168	0.0210402012442499	0.002177343551238
HOXA10	0.184010634044644	0.0613077767888931	0.0334727082687849	0.0274279352467144	0.0046161289329737	0.184852711499666	0.173821114503241	0.0493770757157413	0.023760163374077	0.00193603509404228
HOXA3	0.0156335654494657	0.0150992899871581	0.00595265587618043	0.00824937240011048	0.000963305984624241	0.000952242385260038	0.00130311842998121	0.00574350684895475	0.0017352026592411	0
HOXA5	0.164258237661496	0.055982288044308	0.0249691438739926	0.0227898782980474	0.00458299066489609	0.19905975641297	0.1982399736221	0.0509525499096839	0.0168183040540454	0.00233233959085288
HOXA7	0.0480884650243473	0.0314235291186254	0.0190727710635423	0.0160008911768739	0.00183445749574096	0.00568232676335256	0.0117875705711432	0.0219184131927969	0.00929163295306579	0.00023674756983616
HOXA9	0.188864641183718	0.0950693746571928	0.0307952494933307	0.032837081010732	0.022988346122274	0.146777470653765	0.112411770517693	0.0316689362608887	0.0140170493105526	0.00160390261129284
HOXB2	0.256725368788443	0.112817979957761	0.0324069844693713	0.0400243338092067	0.00486163529546979	0.219964305319085	0.145842864422803	0.0419857193583576	0.0237378710715349	0.00754577856700567
HOXB3	0.153765484319369	0.0586343557176007	0.0262068777450718	0.0233971418769439	0.00578631557328846	0.138272186745238	0.2191652612134	0.0443589264128101	0.0184962486232156	0.00339059764486926
HOXB5	0.0569238512939183	0.0201358233107825	0.0125591557545931	0.0123859014049533	0.00910038293572391	0.0819614761790854	0.0474097099346913	0.0175299542558681	0.00678852175105404	0.00164518000127889
HOXB7	0.335479390080264	0.101938157652311	0.0362719942359978	0.0399606173540145	0.00321531036280476	0.187246521035437	0.200307072639337	0.0371960578930649	0.0178367073227865	0.00874765460363669
HOXC8	0.186078877973317	0.0553396060926241	0.0235103822360143	0.0255761169311899	0.00614874813442712	0.297540491568543	0.261780039736393	0.0631337981371223	0.0305584609481955	0.00232134580512255
HSF1	0.16303788177287	0.0571577205356966	0.029480522623223	0.0248369307857661	0.00441386174328251	0.203808667660483	0.160665255073785	0.0411875263161474	0.0242639584178261	0.00257200023197823
HSF2	0.0279212079260963	0.0141094624361081	0.00633256171967722	0.00985003966621223	0.00533978099898191	0.0627687783814785	0.052946548833521	0.0196660447686356	0.00965967342450591	0.000144719637571789
HSF4	0.174273944912808	0.105232241670463	0.0254822972616093	0.0302459812941982	0.00342498024068993	0.121660566275873	0.125498542593172	0.0131489772257373	0.00778498024602825	0.00336059337287242
IKZF1	0.132954858967798	0.0455906060217504	0.0135710574790493	0.0205223670410514	0.00461150053301562	0.348396105721837	0.262181860902163	0.0986726319562854	0.0583998761909599	0.0025760492719592
IRF1	0.28591334708048	0.0830942365397455	0.0251566680327601	0.0341519094579734	0.00550614612420652	0.303385175294818	0.255104406307467	0.0622689731008951	0.0422596454587111	0.00732522124309021
IRF2	0.214366084115505	0.0619543011775979	0.0183710584525252	0.0254076578507236	0.00560792698450341	0.36479527086284	0.263910755091559	0.0816788731516974	0.0522838462223936	0.00619012401768149
IRF3	0.288730599048493	0.0881357369173884	0.0267558650036456	0.0330331212399698	0.00489907086220276	0.286451178032406	0.230544919786215	0.0517242166501463	0.0270393352852319	0.00735846673600282
IRF5	0.208627574680629	0.0606844183602868	0.0172572894121488	0.0247297633495918	0.00494317545306433	0.350060845112586	0.294264853418402	0.074028504204357	0.0449911962186845	0.00605141733178804
IRF6	0.0170390450885278	0.00915147033808417	0.00327637233790623	0.00618364907504843	0.0262542029587172	0.13188824839432	0.0578565941889169	0.0152173241068658	0.00724302946323974	0.000636165025726498
IRF7	0.282082237060472	0.0836329772515358	0.0243175605349174	0.033615652077469	0.00518420467503644	0.310085885238492	0.248427289718057	0.0677660107857655	0.0458856700418393	0.00816709169389129
IRF8	0.20815361337058	0.0602893054657463	0.0178102920761628	0.0249467074406177	0.00587057150857773	0.347295125816247	0.270954950853653	0.0979908030650195	0.0673399479965374	0.00628901256203374
IRF9	0.251524832481214	0.0722860097511944	0.0205405058825856	0.0299040679862019	0.005236438744331	0.336763711289328	0.263294464377146	0.0681034749480085	0.043298863101913	0.00616768220685593
JDP2	0.320457133320329	0.09485526547622	0.0290702645085003	0.0389204104522709	0.00497817380848364	0.26297209892243	0.240524411061761	0.0576376848285385	0.0373784107028298	0.00672560531096122
JUN	0.351481389692806	0.100384963429955	0.0305763866719656	0.0412473362746222	0.00476238703562892	0.252547023406598	0.219727433473065	0.0583813595614957	0.0447300742970542	0.00986344839360043
JUNB	0.285872354940948	0.0807686102247699	0.0247349346269538	0.0335729087710147	0.00514997299992737	0.306915213972291	0.250729137753868	0.0646990003515517	0.0460393467140757	0.00738018727765988
JUND	0.2805568118964	0.0803479371085672	0.0250054968300556	0.0338906853559515	0.00594810367574727	0.301919910319682	0.256781954479565	0.0676363832811891	0.0496577698311044	0.00742779563984064
KDM2B	0.0309205503519401	0.015209525604119	0.00799839384059586	0.00788108534683296	0.00371226902621025	0.050319073722688	0.08810552846798	0.0175018396872283	0.00875751639520239	0.000395881399403386
KDM5A	0.206529560925002	0.0646927142937648	0.0189709385893805	0.0272926566012015	0.00710509567834117	0.346744335994364	0.285132548662156	0.0760976886521483	0.0442716193431539	0.00454061529183114
KLF1	0.192194991360883	0.0644770755766378	0.0152191432413745	0.0276659164154912	0.0077858421550312	0.284072025435306	0.219847078838389	0.0791271412202804	0.0586649565629598	0.00682372086475846
KLF10	0.279199692320969	0.0795034967287263	0.0238162732804679	0.0332312110909145	0.00574209221381627	0.300364420532	0.262744010355789	0.0547697002148025	0.0366856228444646	0.00512175006241133
KLF13	0.359368400509101	0.104617620225577	0.0329091735419287	0.0422737716427176	0.00473727043094174	0.247460911669511	0.211667893668763	0.0585959669308058	0.0437666422880877	0.0110383067397781
KLF16	0.200788765531801	0.0769899627365989	0.0292718986853095	0.0294006408881332	0.00729694987541474	0.245698019052044	0.24995311252339	0.0407476310870354	0.0203549346011828	0.00243727493656587
KLF2	0.258393777423013	0.0734374270748794	0.0214318607468997	0.0304673201114627	0.00554434816294702	0.320954665390941	0.268489407920581	0.0640053170306978	0.0458015037023355	0.00621929791014952
KLF3	0.277644390733714	0.081799488737638	0.024976203315166	0.0331560280071522	0.00570640780643106	0.318347973388522	0.247464709066052	0.0630473508823304	0.0430226649641713	0.00779175202280635
KLF4	0.323270767935956	0.0880563504737983	0.0267650330776004	0.0376243046200382	0.00541766613628936	0.279537645891016	0.236322335273961	0.0525174150685329	0.0359491239222964	0.00627777634634596
KLF5	0.333952770592344	0.0991344950228024	0.0353214172899279	0.0393022582942537	0.00714485160826128	0.254305145893542	0.218622550871378	0.0572246826630516	0.0413872214687937	0.00644481728823953
KLF6	0.270656677345815	0.0767783097729553	0.0236011162934668	0.0320424885554162	0.00569692121149146	0.310061595004871	0.26279344000624	0.0685845621251838	0.0478611271675266	0.00679500649912124
KLF7	0.12464504787922	0.0508292261179378	0.0365369760111649	0.0216189386318681	0.00257705292229093	0.151393543574434	0.131114771123542	0.025839162405985	0.0187246082056796	0.00147595662118738
KLF8	0.230365284101446	0.0610176547279687	0.0216870449956498	0.0283781064565772	0.00642036728183559	0.349476950677411	0.242030989334304	0.0678050795672672	0.052802300999545	0.00756201385986355
LEF1	0.184881752580315	0.0615445710719286	0.0218152796832638	0.0256517812160751	0.0210769582456525	0.326125059258338	0.253742914854497	0.0680746184269988	0.047064283748545	0.00312290586462705
MAF	0.0128046501614492	0.0070000459901115	0.00528133773431616	0.00428866831362085	0.007481465110593	0.146377844044463	0.0640991106332491	0.0227829276410417	0.00647243524434904	0.000390444342808549
MAFA	0.311106516278389	0.106045560192084	0.0382263218283977	0.0442601657209255	0.00217443438773735	0.205591043318567	0.173809024970297	0.0251399867108095	0.014679516394938	0.00829443531708729
MAFB	0.0873969105564636	0.036026523642282	0.0211123339539346	0.0177943936127468	0.00848028637227083	0.0724440588647037	0.0949777649731617	0.0235428203371731	0.0103498309053492	0.00177031664470972
MAFF	0.338345153371578	0.0951636478592532	0.0294498378354788	0.0404378743398521	0.00516904684522623	0.248851923905606	0.234952954398209	0.0516541880598285	0.033637684503199	0.00698437278492892
MAFG	0.274199462468824	0.0841841073257783	0.0308313305457188	0.0362605506495397	0.00570952171570815	0.285761812332962	0.247324409827628	0.0603767579933083	0.051780940870445	0.00974205166319231
MAX	0.227516276399712	0.063366010726648	0.0199425168916876	0.0268239462996235	0.0060547626434676	0.346158050267996	0.27571086100527	0.0730823861761114	0.0524953982084518	0.00673896989752842
MAZ	0.239723272120244	0.0682438596739084	0.0239740100317535	0.0297742537355569	0.0080943012651471	0.316542861995231	0.260416234586198	0.0764086904685132	0.0769657791407694	0.00842362388759177
MECP2	0.202445991083299	0.0682309894962185	0.0204636453916481	0.0285334947361954	0.00920532332166346	0.330816235312037	0.263607953183996	0.0590252681399728	0.0277655124016724	0.00358938615222648
MEF2A	0.201078270691086	0.0616949333896649	0.0183907579995652	0.0261999467167304	0.00738060622778691	0.352023838848281	0.28131669455926	0.0821466662559447	0.0484562155004628	0.0042182377119333
MEF2B	0.201632268730933	0.0610546779923721	0.0171204285312176	0.0250446486590332	0.00635712602922467	0.323011949489964	0.255357777832452	0.132610299978539	0.0890103641045766	0.00646090098801932
MEF2D	0.248290582689637	0.0926401711522542	0.0313856153429899	0.0362451941045623	0.00861528533273581	0.256639744167663	0.237228098424673	0.0447162533707971	0.0244281207251796	0.00353035736937712
MEIS1	0.135262441462764	0.052170967604517	0.0378123188089931	0.022502399352104	0.00330038739280303	0.180063711510088	0.152923568172352	0.02693049486248	0.0204364533909988	0.000854359165228469
MGA	0.0510872906739012	0.0307203119916996	0.00847703894630825	0.0106866642353605	0.00298411285931921	0.209459101041023	0.202471235773479	0.0391062274180844	0.0132996002862631	0.000963133553027906
MITF	0.0791368599745904	0.0323180522384821	0.00943417070940988	0.0156491837612323	0.00915786348680969	0.184423463518353	0.163327067980141	0.0342756072549757	0.0183395926508522	0.00151576102614237
MLX	0.285140259726992	0.082061738093148	0.0256199044049684	0.0343293730462766	0.00511934851544649	0.291658926292011	0.242313639190329	0.0779143410972346	0.0585940288730183	0.011967822201893
MSI2	0.3212872665014	0.12669824076445	0.0378485533662645	0.0509348941556818	0.00454872387781957	0.139215610975122	0.133955683060953	0.0600186429869384	0.0324730252258806	0.00658649558593849
MXD4	0.336066343786178	0.0986200912013723	0.0333792138237547	0.041171139410244	0.00447702184731469	0.254522540526071	0.214758957136659	0.065924080586548	0.0497710793804227	0.0131312440056144
MXI1	0.313874349979307	0.0778151164158671	0.0277210951277667	0.038202531967817	0.00681496527934944	0.271541370097382	0.22802407453617	0.0553558439258448	0.0341078905772483	0.0051486637313084
MYB	0.223868803619062	0.0860881840502963	0.0301033508652825	0.0329785103486863	0.0375790494729279	0.224307009975978	0.104945883542598	0.025994207078686	0.0270210741733011	0.00820117867921211
MYBL1	0.220099180950172	0.063485950208155	0.0187853857169819	0.0269497382698094	0.00665883195050976	0.324613978030351	0.259214666928237	0.105700062903227	0.0884089677154137	0.00805710985911468
MYC	0.262290757273698	0.0724639543825074	0.0231423847790727	0.0308811199828516	0.00497430118146192	0.315429296737667	0.265622080349434	0.0693180557072878	0.0492839984050004	0.00685795830410241
MYCN	0.067018968271185	0.0253159830466722	0.00672797277933479	0.0116856619285048	0.0055714733127602	0.263414039735263	0.138356875224715	0.0773587231530894	0.0332439941854757	0.00202996972500435
MYF6	0.118326016616961	0.070624712069674	0.0215263436081573	0.027321106833308	0.0034016421647165	0.0526786923052563	0.0527287953039295	0.0114224068180715	0.00537695689735795	0.00383435764383466
NANOG	0.247705002295963	0.0738638814983045	0.020156760606919	0.0322596896825018	0.00347033924333706	0.304973034976028	0.24758323304897	0.0446568892878003	0.0194939659382853	0.00333810598000184
NEUROD2	0.103610032498228	0.0374671504129287	0.0157597539302394	0.0178715174723189	0.00637084746295602	0.146042600326052	0.127882175752986	0.0440493471418617	0.0182005650775005	0.00243090222257181
NF1	0.00528007667291075	0.00459133423102587	0.00224257008584405	0.00256008701569288	0.00535304755638388	0.00484034296552882	0.00488864315028281	0.00587048767900122	0.00172203810971594	0.000621328874518157
NFATC1	0.123585875588329	0.0359920557748465	0.0105350530843871	0.016740241909072	0.00551526853725837	0.376535440708951	0.301766194320193	0.0933900736220973	0.0498624393439129	0.00203709895135928
NFATC2	0.232194084593551	0.0700123189385697	0.0282176372382386	0.0320300923753238	0.00503721119194611	0.220189623074882	0.189687887699732	0.0588120689591266	0.021393687470919	0.00296593509771614
NFATC3	0.0950968345744561	0.0328646018710083	0.0100778893521578	0.0184470383792057	0.00430147302520356	0.321568542457173	0.167020717155721	0.0321407232020676	0.0138808721473792	0.00342556139431194
NFE2	0.0545538326875724	0.0190034601085536	0.0154847370136287	0.0138492274216181	0.00540850664378434	0.0385292680270621	0.0501828946321974	0.00795778090597477	0.00592158404171961	0.000994383422046163
NFE2L2	0.248838767484476	0.0722641045901863	0.0220445425693673	0.0303809219644778	0.00544400868471662	0.32881648789707	0.264173767067179	0.0707577863851261	0.0453569823565754	0.00537308821626237
NFIA	0.180677620085453	0.0658264899597378	0.0364482453988252	0.026924496718893	0.00594172406886972	0.183426678056783	0.19049124447895	0.0264092160099832	0.0194401811558129	0.00180442607160003
NFIB	0.187532227766761	0.0606137532988552	0.0275101351352145	0.0258594914835356	0.0073505960132666	0.254180063299811	0.238712811128102	0.0597665885059635	0.0288331012967284	0.00148471169115238
NFIC	0.00964994195476776	0.00730515071119531	0.00744712488250354	0.00452915317636804	0.0052473655333688	0.0260274168399027	0.0145994756566364	0.00451958657871621	0.00227885970679165	0
NFIL3	0.310270505546368	0.094241049478047	0.0308696879544451	0.0407484792667293	0.00624866372668031	0.24794128692065	0.21550550706638	0.0472023480611168	0.0297191164914892	0.00553172068166685
NFIX	0.00881380494022099	0.0056004060104754	0.00290903476798032	0.00459652417407597	0.00499652614379198	0.0446785825916035	0.029896967828378	0.00863669258707811	0.0041261761466509	0
NFKB1	0.230056114803721	0.0667114917137867	0.0207130557774849	0.0285790474803659	0.00555668040158075	0.330874661258531	0.274627125057916	0.0838041598757868	0.0499333006634878	0.00484986476841176
NFKB2	0.242868884996533	0.0694366169350518	0.0214513577824479	0.0295479787096132	0.00517773056539939	0.327876371217235	0.271409957672314	0.0756469858735443	0.0448449807154068	0.00529825605628942
NFYA	0.238591030428062	0.0723157193083955	0.0225149631204388	0.0302190684929096	0.00596932582028153	0.307231515368403	0.263896463657847	0.0665592719305534	0.0359492179184588	0.00501270168246326
NFYB	0.252579161522823	0.0733236337721381	0.0238921498961157	0.0306478220937303	0.00774635954072811	0.290747067275214	0.218546039103267	0.0894502124564144	0.105906037155478	0.00949852626829473
NFYC	0.228873077306422	0.065619495519152	0.0203531026958276	0.027145398410287	0.00691869083287655	0.324765956013424	0.248828112989723	0.092672422751508	0.0938584725900868	0.00935402024917975
NR1D1	0.0296615970672114	0.0243755544534929	0.00915249059709311	0.00960209938762868	0.00429944383723535	0.0185734766860247	0.0296445103126413	0.00815266128662584	0.00140913017541811	0.000244036779621704
NR1D2	0.00644598642825422	0.00235352302062364	0.00125399774493851	0.00365745858668387	0.00703689295022658	0.0112810847924092	0.0182735444295208	0.00881111732232642	0.0015924776497791	0.000276413787379637
NR1H2	0.231854504978275	0.0757122302004042	0.0241561794253361	0.0295915648807545	0.00566844418348567	0.318528000247761	0.266758335205559	0.0627414889014983	0.0395427949415433	0.00584454335972562
NR1H3	0.250406154956606	0.0653851479976438	0.0265748922924388	0.0306738843030874	0.00477895334077894	0.30446498395523	0.252618045366863	0.0630236332840375	0.0525379299503413	0.00808592295297117
NR1H4	0.241219864979101	0.0614762812605019	0.0248879279324441	0.0352438715861387	0.0283427374334555	0.0806599321861449	0.0604981963793909	0.0238552977843762	0.0192139887241345	0.00361774332382692
NR2C1	0.243615944415699	0.10462590949787	0.0396261714273088	0.0439370691584652	0.00299521693057925	0.113779062094325	0.145725344722711	0.0310378633023701	0.0167552005691457	0.008502708894635
NR2C2	0.222908916669261	0.0688170511016619	0.0219403864297164	0.0355951045709366	0.0069555478460378	0.178690622121187	0.15808475612936	0.0478856962260353	0.0224298450765652	0.00365306717432967
NR2F1	0.0938803198048397	0.0348950143934116	0.0277292408731982	0.0172379018810406	0.00400787987797657	0.105057478480952	0.0792026305703116	0.0205498020320779	0.0124458445391551	0.000900352635720747
NR2F2	0.346357508403316	0.0946039045890152	0.0326491165867787	0.0394583480443609	0.00831563350165487	0.227126322094477	0.22436507721034	0.0394844950864551	0.0248042985179074	0.00596962718518745
NR2F6	0.158801313687726	0.0510411594927513	0.022163051348884	0.0255695547609475	0.00837226653100875	0.104108222081513	0.0989245559984728	0.0271151809320157	0.0160582599877369	0.00173833827735892
NR3C1	0.218003651637323	0.0634800679468689	0.0193614891949796	0.0267246762444977	0.00648513272015161	0.343795846104982	0.270616368339419	0.0887429291488819	0.0632249255817142	0.00621814155632017
NR3C2	0.138774081950624	0.0594151722984213	0.0115036856589983	0.0197315811005847	0.00465826787665169	0.295631492572976	0.253127146135827	0.0191720652449445	0.00631520831596366	0.00168967113976237
NR5A2	0.133059138448587	0.0442746338232574	0.0232061166348639	0.0236040850808521	0.00338490949702608	0.0535893756816812	0.056596450451002	0.0269902921940712	0.0177172159534702	0.00294015878673448
NRF1	0.230592943039665	0.0725619853809211	0.022777061354498	0.0286063833820962	0.00572002278892503	0.325802701222266	0.245821181662115	0.0848970372762216	0.0465064485824183	0.00416353298018457
ODC1	0.228146101796165	0.0783350594312449	0.0230118777953565	0.0335995462258508	0.00678557112156364	0.239912716203164	0.215357798246486	0.0749741514670765	0.0540136648632993	0.00651793604361017
OSR2	0.04239623984116	0.01827787882918	0.0121881336470869	0.0137530349323265	0.00109916428795998	0.0192318897655571	0.0190805436674072	0.0158864485492954	0.00510128972288204	0.00145836671545541
OVOL2	0.093333975099123	0.0280894389167077	0.00914713741488249	0.0153636741676537	0.00382349738536858	0.213812314672321	0.1822492568117	0.0686422622593611	0.0357192148608324	0.00128951928695886
PATZ1	0.120292783871901	0.0480890864581134	0.0152198218574852	0.0266933719762159	0.00663508393311085	0.134627542707452	0.143011298721603	0.0406251713039091	0.0192084744662456	0.00239702107059181
PAX5	0.169582946308507	0.0498701238916416	0.0150531769036879	0.0207248538224811	0.00598191258459924	0.377312385848416	0.28366563605876	0.0983831124394736	0.0626038419129938	0.00503508059431212
PAX8	0.173601421714877	0.0517805958954983	0.018212384870434	0.0223475228801805	0.00538606917943563	0.292187699663275	0.25140362781169	0.0462833728982761	0.0201122597062532	0.00266872572320265
PBX1	0.312804898258364	0.0828094020420393	0.0302342279134209	0.0380605050971435	0.00684632801128737	0.222105073671163	0.235973130166462	0.0411074989626913	0.0294461895934416	0.00679259848990477
PBX3	0.0504580188462461	0.0220074469736053	0.00688791352845819	0.01094901466077	0.00546578453469493	0.179167371775854	0.140548126400293	0.05220168187227	0.0150856303604313	0.000511835380479941
PHF8	0.148281568519146	0.0549650022871407	0.0267329111275801	0.0224970462573396	0.0127032448608589	0.253940546327785	0.205584657758741	0.0361490199943599	0.0223817950758255	0.0016602184682849
POLE3	0.252313288130206	0.0726641611212218	0.02247783822147	0.0300360925172969	0.00575193518022921	0.312555232594193	0.25718670753817	0.0794570783409446	0.0764686691752189	0.00987550604870491
POLE4	0.24751527078602	0.0710036271275037	0.0231701974552164	0.0299221392807281	0.00632519916248853	0.297633636200654	0.238351112662602	0.0991927016726012	0.0957742887811552	0.0104791392729146
POLR2A	0.204650941449214	0.0630704814028603	0.019288860239346	0.0270302909365741	0.0071493356820308	0.342622322127883	0.283700017816137	0.0801614157121749	0.0541792491280879	0.00460408061025175
POLR3A	0.29760029636853	0.0897223386618683	0.0306192583145173	0.0396713068366611	0.00490948219345821	0.224815393099156	0.192520190579049	0.0492268322680842	0.0294052085100014	0.0120904480743902
POLR3G	0.264463327934895	0.0749560197084166	0.0225957050943375	0.0317123218544821	0.00569388823173411	0.303193091650964	0.246920773504103	0.0758666332568813	0.0684088861577922	0.0125903481804643
POU2AF1	0.222947804306694	0.0825487108337531	0.0183411519553374	0.0315770050331465	0.00651864771892297	0.253433732945631	0.179842787455933	0.15409539149822	0.095153716126268	0.00745789694073584
POU2F1	0.123339939705988	0.052880464552006	0.0140933992389199	0.0249176865375302	0.00677165863012386	0.111191646393151	0.0828473672204018	0.0244137589882149	0.0135934483369665	0.00256864343906493
POU2F2	0.100748852417458	0.0284860427275379	0.00725564875485107	0.0145175673741236	0.00427695854847854	0.364927182580699	0.268573946997389	0.121740927958999	0.0630495943000245	0.00371170900476381
POU2F3	0.0797677570044083	0.0300945781606331	0.0119139662690317	0.0194374972103091	0.00550998964928351	0.100319347991714	0.079597111867024	0.0142147217936194	0.00813542136449297	0.000862393145313223
POU3F1	0.196782538619413	0.0625173582293232	0.0207942974642308	0.0368823583035071	0.00653433348011223	0.0961926149950217	0.107063291441256	0.0575517481722515	0.0243057644386272	0.00365944603721902
POU3F2	0.293853177322867	0.0836824842144429	0.0299982945982208	0.0344661043493778	0.00532211847638708	0.284109803799487	0.234863269820708	0.0717447811522853	0.0573921192643144	0.00899061250461708
POU5F1	0.3555861330481	0.111152130909639	0.0522971888085492	0.0428970286957299	0.00819586729438293	0.0367457084630893	0.10725321374194	0.00693960622695544	0.00547972872732838	0.00308695267175663
PPARA	0.286704092572421	0.139910592463459	0.060049981261497	0.0540771050331481	0.00163557561161221	0.0293376736707133	0.0417425474461059	0.00782722719686113	0.003830753027946	0.0121686630134845
PPARG	0.0671376694587442	0.022669017536435	0.0128773124953808	0.0166894252338698	0.00144952490398775	0.0272528376405856	0.0378998025427912	0.0274874947089323	0.0166730717379363	0.00369429070353511
PPARGC1A	0.306624256167556	0.101881882805291	0.0285990856527857	0.0476868584044949	0.00305918361837088	0.108360769254605	0.108626234792161	0.0270612153513432	0.00787760871366427	0.00945725176883205
PURA	0.0135158704233059	0.0100511862123315	0.0046244073719669	0.0042186806737784	0.00638232372197645	0.0097637788004441	0.0109654097163899	0.00547861528150084	0.0032099924312381	0.000133789880290336
RAD21	0.229475586513986	0.0667412125182235	0.0203313454157454	0.0279082066242486	0.00658225623828468	0.330309256304709	0.262870368917843	0.0911591374765994	0.0750084549935501	0.00798057812996733
RARA	0.025328153778688	0.00952425918847533	0.00402558992291135	0.00637282640143466	0.0023332425133944	0.0844107882646205	0.0477552809217052	0.00338629557102699	0.00187480210744573	0.000503804220978399
RARG	0.171072120113673	0.0645810486806048	0.019680511670585	0.0307246076356635	0.00666272976222604	0.0772158284998066	0.0686653469245618	0.0125805458237102	0.00656970476940433	0.00139212422687607
RBBP5	0.241600542065878	0.0689482172495327	0.0229668168911468	0.0297155133726	0.00692539322117935	0.319246012416562	0.256988224079154	0.0886443206973327	0.0630967749447268	0.00688466598028425
REL	0.129297426869197	0.0372768795664074	0.0110248579509206	0.0162925240706658	0.00566644758867063	0.409070938713125	0.30290360776248	0.0880151687640555	0.0490755420548598	0.0024803682799035
RELA	0.235721170547294	0.0688960753758615	0.0212723069109835	0.027935487537764	0.00509374305245713	0.341445935950251	0.264975368714448	0.0746255329367128	0.0500480520659166	0.00627843430415931
RELB	0.244093492083407	0.0713517300882861	0.0213610031089136	0.0297468769700209	0.0054710300129468	0.323777032359415	0.263514260639264	0.0857315804527627	0.0538049619452997	0.00590009686304926
REST	0.208117575882379	0.0636840789697585	0.0174521171079316	0.0279261931043513	0.00803585116941685	0.33319222061712	0.278765638447769	0.076507419462566	0.0470705070633251	0.00447656236691063
RFX1	0.06338493651977	0.0279161102502913	0.0176325881690084	0.0168382645386841	0.0300743319045239	0.0494350660740546	0.0611746953004715	0.0161401119481367	0.0127796046724904	0.00121380697643825
RFX2	0.0972017846591334	0.0441322457865277	0.0213563761264344	0.0187965361973913	0.00554205640436345	0.226758934554762	0.18206398795622	0.0801455679792094	0.0646308737908448	0.00242863035057073
RFX3	0.147400220926222	0.0693464420951826	0.0215091404346835	0.0222172024332545	0.00600876865508815	0.0625138850061916	0.049863498728302	0.0160967897267866	0.00613429168292301	0.00304024954986815
RFX5	0.123055714665581	0.0382736408279489	0.0097807106077209	0.0147957515616798	0.00490916244944051	0.408453088735918	0.296237985663359	0.095372947842058	0.0601909695219169	0.00386629695054264
RORA	0.318761933035059	0.0961551217427967	0.0335407248163641	0.0510485743307822	0.00365001967504952	0.118739375758522	0.229095707305251	0.0286138115298951	0.0128394397621834	0.00588762028588696
RREB1	0.284588107412693	0.0893006967165184	0.0278290101185895	0.0384866760043134	0.00598725057454874	0.272355672749911	0.250092412841733	0.0544941531708351	0.0310570685136294	0.00609867060165292
RUNX2	0.354636184376808	0.108429074350209	0.0357254899653801	0.0477389279021542	0.00276785661287149	0.170314463711156	0.214451614049394	0.032457082537539	0.0150670448089258	0.00845881341524435
RXRA	0.10568640729821	0.0468736220914754	0.0214883212807243	0.0208858191967791	0.0065505870322079	0.147464289200551	0.12631638788795	0.029094568905268	0.0126954022632566	0.00213342006509532
RXRB	0.130864244509899	0.045900267479788	0.0149511323356197	0.0219362947730382	0.004859497848684	0.243298090792784	0.211379056322394	0.0667551137041335	0.0305424384508386	0.00208688053367145
SETDB1	0.0654382424101174	0.0313257639286046	0.0256313697752641	0.0142959917851584	0.00565297809516918	0.0846807943404047	0.0729531283895724	0.0172619402569612	0.0116326339600074	0.00152303770492035
SF1	0.159213276720406	0.0507915897691724	0.0144888949390278	0.0215716302094222	0.00722077438390045	0.362882974877352	0.310926482384528	0.0691253515899032	0.0381473622917681	0.00262486216844871
SIN3A	0.220401147524644	0.0638113686953232	0.0193774373608001	0.0283325315856259	0.00691498749938979	0.326486208486651	0.288927328253859	0.0621756519900019	0.0419851810388926	0.00484310960848922
SIRT6	0.0147568601747385	0.00895905827120136	0.00365640047375226	0.0050653559408359	0.00139985323572334	0.0469148563172762	0.0537481644947494	0.0224376643960197	0.00415580602437104	0.000132758997391513
SMAD1	0.105508003891563	0.03103415493525	0.0150678963854445	0.0161165967311956	0.0242132725311132	0.323455538932762	0.172584719371318	0.0732417596084091	0.0420830254658412	0.00227742572197753
SOX12	0.168188841386451	0.0638121386707973	0.024936853836999	0.0283105238495368	0.00766288809430349	0.178942112316517	0.191935623093995	0.0320645230396398	0.0161996670228582	0.00267391562862318
SOX4	0.241813005733658	0.0732645368034753	0.0236448431707009	0.0312366167007048	0.0123880617205063	0.329685107031038	0.255273711357462	0.0581654764048256	0.0410357725129928	0.0045022540274009
SOX5	0.130430502371852	0.0524408960576593	0.0169064500722326	0.020608022750602	0.010328946444603	0.221347653758797	0.244920470873274	0.0403658963435853	0.0136453782950721	0.00289355256765556
SOX6	0.200206846001536	0.0681767913600804	0.026410258627756	0.0324653486155019	0.00432210488870854	0.169521984682847	0.138802023058485	0.0393582045982285	0.0184533947471638	0.00224025622613111
SOX8	0.012792329886095	0.0102628704308214	0.0108657166188206	0.00572171398022836	0.0113837524166592	0.00590533226385914	0.00734015516260311	0.00417934304656453	0.00266454193331567	0.00130791649494633
SOX9	0.0110043727956992	0.00904396642145122	0.00311456319666625	0.00492613498678252	0.0281063472355083	0.032981498795286	0.016810652902029	0.0248719687065165	0.0108412532076884	0.000522510607851467
SP1	0.225964632994875	0.0722764558601148	0.0218138495489061	0.0291135562384335	0.00742424456208479	0.330694189448825	0.257417505816109	0.0724812472936501	0.0431681928972109	0.00451774743666156
SP2	0.217181256327389	0.070783121723055	0.0233961552765094	0.0283478220031521	0.00695247277036448	0.322913806919267	0.254779340571349	0.0785118881348514	0.0521896965273815	0.00510582610781862
SP4	0.117051638214584	0.0457091721321123	0.013353999096578	0.018103762625143	0.00524918749517722	0.279955689389344	0.237106440685825	0.0462187974683137	0.02210354037117	0.00164489662903455
SPI1	0.212765750710505	0.0608031160313312	0.018470773747721	0.0252335906014561	0.00610564221821097	0.341843538235061	0.265743433620333	0.10078086986472	0.0742726771641306	0.0073257716802565
SPIB	0.23909807359793	0.0679434024986157	0.0207670978912967	0.0282718595255522	0.00569069441276759	0.332028979052237	0.262200146094534	0.0873227252745014	0.0621393846931044	0.00766250546593239
SREBF1	0.215936271117829	0.0682044886435106	0.02177041104533	0.0273073707005095	0.00713051015937249	0.343356570762325	0.263212327682977	0.0747219608311508	0.0457750355490928	0.00385890489001905
SREBF2	0.194194448824453	0.0603959425134409	0.0178543909277754	0.0250935585456201	0.00598625066939307	0.350775177951539	0.28301769119785	0.0925236647703859	0.0554800213691832	0.00439980864147449
SRF	0.254623715350502	0.0702147508756478	0.024233189633352	0.0362314321136101	0.00587668630196558	0.216730309768008	0.195990981831241	0.0729540918966244	0.053927569874895	0.0059620766856302
STAT1	0.283973843524366	0.0825168281402241	0.0249783735852318	0.0341197935714196	0.00504011739913157	0.31321049097188	0.249736049764692	0.0620849310549222	0.0419506499252214	0.00832631948264373
STAT2	0.219328669293626	0.0691376915421236	0.0199241414999981	0.0278262546168393	0.00590605042602199	0.353873693788352	0.26839578649492	0.0761283694160709	0.0425868444455203	0.00536451081686995
STAT3	0.19230367112279	0.0597329315266903	0.0176723877185818	0.0242369331202619	0.00568219988651208	0.364855288562803	0.293019987607019	0.0752044180403536	0.0416222969913628	0.00416328327391347
STAT4	0.217916770972012	0.0706273664613445	0.0226047356562362	0.0374896168029552	0.00577258890991561	0.176050746547556	0.169887347875217	0.0257971038232729	0.00904640945508484	0.00181289643223626
STAT5A	0.193519559709192	0.0564482703920486	0.0188385432139923	0.0239029731835189	0.00590265427899639	0.347102618204556	0.281728135971453	0.071745775147719	0.039355385486596	0.00390875123186962
STAT6	0.104699706288156	0.0285035873540619	0.0093772309413771	0.0131605721449981	0.00513009610374016	0.415142701215043	0.29061900307043	0.10458015531395	0.0603512084354638	0.00225403833517168
TAF1	0.153047451476665	0.0526232907605706	0.014157420290923	0.0235160762883645	0.00707174374700115	0.340835915305995	0.263875246428829	0.0613826880981514	0.0290675904699159	0.00240321754052197
TAF7	0.24506448280387	0.0674538887281501	0.0213348505438602	0.029588479652162	0.00654672677752755	0.325670804060757	0.270752735080798	0.0757793481556509	0.0558206218233481	0.00663020711700069
TBP	0.199257975423206	0.0747718861804424	0.0226203583784715	0.0299868405319889	0.00739657593587384	0.184749014448818	0.164797373356445	0.0397072989189579	0.0227268337038842	0.00724320213921692
TBX19	0.0264255442191421	0.0133241029164208	0.00580274483642695	0.00704596962218429	0.00569013318028877	0.0682626310773973	0.0483668005637006	0.0175955903465851	0.00519322858003801	0.000795394850880426
TBX2	0.121640621066177	0.0474421517828221	0.0120175860476709	0.0159532173071102	0.00624488621159658	0.378398625172805	0.280386273237376	0.0690363476793003	0.0527727380042565	0.00409411172806051
TBX21	0.223427866580017	0.0628349044749293	0.021065458468579	0.0256386684421193	0.004649109734853	0.341487581357637	0.275655704750407	0.0645205876063508	0.0432883773722227	0.00627399695111808
TBX6	0.029882920348988	0.0111257488361476	0.00681473073007677	0.00993803561546669	0.00279652404227382	0.0360313381894769	0.0639642802985716	0.0117393209725204	0.00517502919184309	0.00020883779115255
TCF12	0.175740566611276	0.0656733801435919	0.0308328084174995	0.0289200553845895	0.00399705802407402	0.19404053952876	0.156820298516138	0.0370800918237391	0.0228544600982942	0.00364292620166418
TCF21	0.16540333650851	0.0634634139950013	0.0369203121935326	0.0257625082724781	0.00679673546662085	0.184142868831567	0.157654788256497	0.0410607722664628	0.0249250722713269	0.00145895479304148
TCF3	0.100809925949499	0.0502697429279013	0.0307807743243743	0.0216771840014204	0.020683688162632	0.12962074012467	0.121527166296206	0.0778927228219456	0.0921943443942203	0.00412685780068223
TCF4	0.224657187818055	0.0679932589944645	0.0200976722108754	0.0284033942800739	0.0066038082718699	0.337512297457381	0.271320379504441	0.0822710759370111	0.0566396274172445	0.00645656411958029
TCF7	0.306798064014838	0.105810002078845	0.04194586694595	0.0445106664266238	0.00474153466496974	0.187062994039982	0.190078946958459	0.0370602232642367	0.0227821612465078	0.00842737839096597
TCF7L2	0.0928155618816413	0.0304128891903033	0.0138634306811164	0.0135409433510036	0.0200274567425881	0.360874472783538	0.280338558796927	0.0986028786942252	0.0556882511587279	0.00108027347231532
TEAD4	0.0741559616918639	0.0327436791922653	0.0149008485691706	0.0179949260417485	0.00624388321783742	0.0587496951724227	0.0504567659273016	0.0156916552869437	0.00893266629188028	0.000971121728135405
TEF	0.101359986037944	0.0410289600082241	0.0118908718307074	0.0180622407422816	0.00578699521206305	0.273764285502725	0.213362016838095	0.0413256813324304	0.0165377159268498	0.00155273212122831
TFAP2A	0.152558947602187	0.0612395858947842	0.0132327654947906	0.027285012760074	0.00619258018177382	0.181049111462718	0.192785286476666	0.040663370834775	0.0288843448645814	0.00488879919836704
TFAP2E	0.163739058879856	0.0669464353394907	0.0278808953154681	0.0298361674092333	0.0059552964123244	0.0414008391627804	0.034925637107717	0.0142903019048296	0.00999187439100979	0.00304334966583653
TFAP4	0.194289587335247	0.0590719913392428	0.0142717410500026	0.0236696807667436	0.00493598355932112	0.236371243489888	0.195795267068842	0.0544003833135049	0.0480734890420781	0.00858132146806856
TFCP2L1	0.0286548176734617	0.0144189738001109	0.00821106388752213	0.00830995792713651	0.0102257673187539	0.0812576759781187	0.0471905222541814	0.00779071206413351	0.00518632690305176	0.000496097852762056
TFDP1	0.246227923190149	0.0685745843632592	0.0219153709000833	0.0292029046125666	0.00607564055427612	0.313527059502488	0.254526152171594	0.0915041616178146	0.085207524457081	0.00996904473156723
TFE3	0.0810206429362387	0.0347484420504874	0.0124004360179851	0.016697330149854	0.00646907736507218	0.12908430921848	0.133053204390712	0.0324579912217076	0.0151248685582587	0.00166260896618664
TFF3	0.141074743521981	0.0490223342852228	0.0335074966858083	0.0276788147849681	0.00444043651659287	0.0664704182435722	0.0631398958880391	0.0237465500014638	0.0146755736735994	0.00488778455711258
TGIF1	0.213865147436064	0.0617170823722472	0.0187977850747461	0.0258397771681184	0.0053206364787457	0.35648939668503	0.277293457257733	0.0726831240129854	0.0489999574622627	0.00539419545102937
TGIF2	0.175508031653043	0.0523650165442715	0.0204712621423783	0.0271297911902957	0.00477237664422603	0.266969771423677	0.221045602990072	0.0588315442603168	0.0250469565713757	0.00248332709164434
THAP1	0.105481195754296	0.0422049027043861	0.0162267097773726	0.0224556354254276	0.00488038506263344	0.137996233153638	0.128637863893435	0.0325161714488519	0.0164557505867098	0.00227910332244963
THRB	0.144484074903243	0.0495828744414823	0.0237182748470172	0.0215606705734794	0.00600625901439877	0.289092140144567	0.22202422808233	0.0541923783495798	0.0238859066430838	0.00180106950551118
TMEM33	0.0168113860177711	0.0130507253618377	0.00705607027657129	0.00509556277389211	0.00688439261990292	0.00389644142411916	0.00755049519013939	0.002618510593693	0.00134830235990457	0.00161588019224712
TP53	0.127369775077435	0.0408081035672574	0.014527766512171	0.0227572725602379	0.00729383627251023	0.183024430280843	0.188373876178207	0.0809422618646058	0.0402394059548074	0.00419693933900112
TP63	0.315371652101151	0.100929292305202	0.0297811314633729	0.0409064559074758	0.00614949486345107	0.24398741367915	0.202362184074262	0.0293716624819704	0.015442511573685	0.0119642515221775
TRIM28	0.243296360087445	0.0681425314384446	0.0242636312666894	0.029780370312976	0.00670633539725751	0.317405318284654	0.262923828448752	0.0833110892917823	0.0666077702371144	0.00825944999427342
TRPS1	0.0151577954941557	0.010639530494182	0.00822610205296059	0.00571145271954732	0.00989142651481079	0.0387176934185189	0.0361247052587956	0.0134456673460359	0.00482308743135229	0.00112046113983344
UBTF	0.202614684695727	0.0596198486063064	0.017817315531272	0.025557811508771	0.00673748289153919	0.357236578332955	0.273476252260797	0.0819738267642799	0.0603982259204552	0.0062068147296459
UQCRB	0.270326914274037	0.0727967703361158	0.024410190883876	0.0313385003262974	0.00536975795227002	0.309833064337475	0.248863045591181	0.0783111499706108	0.0650419657943413	0.0095396168325329
USF1	0.219698443075792	0.0673234619948656	0.0192714768127498	0.0269585935562654	0.00521030746029272	0.34840443108975	0.270513064883953	0.0773194062773148	0.0520810017964632	0.00653452536680199
USF2	0.241734898114156	0.0676543135442571	0.0249199752836541	0.0293909397495895	0.00619046634348475	0.318277956366556	0.260731513636227	0.0874781533115135	0.0660752692558045	0.00770249124425437
VDR	0.121337214951634	0.0398544379619561	0.0156448211870992	0.0269808093998931	0.00587560869360548	0.271277244871586	0.179406778043481	0.035507128618623	0.0170905584143385	0.00218914742340726
WT1	0.211143647614492	0.0711749982625008	0.0254725901911907	0.0311890615131205	0.018340598215257	0.280317117346412	0.227340359603517	0.0406932819485217	0.0246280120034367	0.00300048593390168
XBP1	0.357088686070992	0.105231339722778	0.0312104261205994	0.0425145540843962	0.00460509631276429	0.24912696552448	0.210610780425008	0.0610412350216835	0.0455176807672072	0.011370149935222
YBX1	0.279788121539336	0.0796582545959377	0.0243416312546411	0.0332025071084182	0.00603577353131279	0.299095572554364	0.240902056456163	0.0803334904226527	0.0730405535295171	0.0101388936804082
YY1	0.240752515523262	0.0701914336164892	0.0225300566294754	0.0300048346178786	0.00694099245275137	0.319199083636013	0.266394358780916	0.0823559027636998	0.0652705725085154	0.00733737016990244
YY2	0.135279186586853	0.0457790283510209	0.0131199293832986	0.0203224600560427	0.00732164801882018	0.374293538096971	0.189254782293143	0.0601275920544764	0.0240997164579511	0.00190115604357199
ZBTB14	0.0785952919615354	0.0295439365835778	0.0164076959444776	0.0169224558521543	0.00830610879120719	0.0498694009143962	0.0774941644017798	0.0266765830038281	0.0179429125370441	0.00184667468610733
ZBTB16	0.112949753312629	0.052727869608404	0.00918387800980813	0.0155732562234718	0.00344634797228582	0.3318208104939	0.250177061460414	0.0129121658035699	0.00418370189194373	0.00138568430749908
ZBTB41	0.0828201248428869	0.0403282792734762	0.0230936574038911	0.0257591898232362	0.00287617244671645	0.0461446060697625	0.0500153567280913	0.0129157968943848	0.00602252264210301	0.00175275300651034
ZBTB42	0.0317826773011902	0.0182895235679251	0.00748316160571227	0.00825493561054536	0.00270217895519576	0.0596309535395558	0.067765965622766	0.00978849210525856	0.00385244366224291	0.000814054665025044
ZBTB47	0.0689008705057954	0.0313848226873682	0.0165392593082916	0.0164708416720202	0.0073476171590996	0.0847093529430857	0.081782686648965	0.0186894581236269	0.00801561300984022	0.00115014598639485
ZBTB7A	0.214621123646401	0.0640747536909785	0.0206615369615364	0.0270733751725019	0.00611377855768025	0.335605666860779	0.295245229569626	0.0705071043176679	0.0460328869548741	0.00521092167060644
ZBTB7B	0.298359573467438	0.0817920466825818	0.0300295995394521	0.0340288231338327	0.00512124035255979	0.282553786757884	0.239159147093936	0.033066299330039	0.0171022030422372	0.00666697085102763
ZFHX3	0.0613330093540447	0.0280061815581936	0.0218231604618616	0.0138967377500417	0.00196152593221377	0.0684942190893659	0.0669115076157971	0.0176623679088871	0.00782222220026851	0.000830563705880971
ZFP14	0.117771275589404	0.0421508503387946	0.0147286786343869	0.0198752599008968	0.00712942734371513	0.296426914337278	0.249635699048634	0.0800699005440432	0.0497865319634435	0.0027937977075968
ZFX	0.234494713796725	0.0739739280483597	0.0245341028790266	0.0312527327636255	0.00844954870672998	0.317720176693449	0.262817101810892	0.0642890078189682	0.0337077399652553	0.00375746484234141
ZNF148	0.0263329470712358	0.0151902100459919	0.00489517573025178	0.00832651108601257	0.004784264055118	0.0762616745647771	0.0736186255199691	0.0275018450919765	0.0147685859291248	0.00081335043692532
ZNF160	0.026801838673845	0.0170126310492267	0.00406479170934693	0.00813450003768978	0.0153977615469016	0.189336393952973	0.103560920591998	0.0179675699511245	0.00711156912348321	0.000421088389232938
ZNF215	0.299107347170113	0.122183445487134	0.0336970277362438	0.0452633509272642	0.00427628234230903	0.0991462423308898	0.102641791433663	0.0243779504887734	0.0093735345616649	0.0107993158739595
ZNF217	0.0883825332903809	0.0240471743251294	0.00821703453401079	0.0169006089183792	0.00255744358936627	0.181804486645903	0.171669564883179	0.0481587756790147	0.0227534212394555	0.000796174099347069
ZNF23	0.0245385313035762	0.0155312459182221	0.00553360677436476	0.00908208852866677	0.00142703368285191	0.0167858074256662	0.0222977895866613	0.00514951219143978	0.00222510348626104	0.000733520140037469
ZNF250	0.334974962015791	0.104938030418721	0.0357152764016331	0.046511233398308	0.00542802695525224	0.191302790861566	0.213953521121544	0.0356940788387677	0.0192366481351637	0.00680866880061182
ZNF254	0.0408289596818897	0.0215835377733902	0.0089448478026255	0.0104468428021501	0.0255625371937946	0.138056123202277	0.113064250725247	0.0233995033288614	0.0129767887651789	0.000752479603235545
ZNF256	0.0938219079371484	0.0323153716669541	0.0114033278929757	0.0162045170773122	0.00552627696624275	0.282855818124807	0.189069418224825	0.0217145953826196	0.00892443049535119	0.00149366125517325
ZNF257	0.0333059944614372	0.0158145266017802	0.00641001303442845	0.00785347149443427	0.00746714412765936	0.154978324712044	0.100729876818268	0.0291366655201182	0.0093977582654462	0.00106289091732403
ZNF274	0.0630319181034216	0.02620573470742	0.00925082931743471	0.012086045193388	0.0032645685789382	0.27968850148104	0.16902338312884	0.0153024678328881	0.00494810439939253	0.00143276677473159
ZNF275	0.304490327756792	0.0952523417046298	0.0308460190238742	0.041549390657765	0.00570352531674756	0.212658166533866	0.183375809352946	0.0448005674334299	0.024374113328083	0.00479508131829554
ZNF28	0.156798812217833	0.074668105624966	0.0280685964994386	0.0379681987113413	0.00143346618689488	0.0457370521515015	0.0681077760262186	0.0175569621516825	0.00813252752508198	0.00527358384902965
ZNF311	0.0657893851432454	0.0315964736519405	0.00979919568092458	0.0141607638953403	0.0184384056391184	0.13948434586029	0.124095209934882	0.0291442916661677	0.0119283182446726	0.00161752515416258
ZNF345	0.116875258992364	0.0407529264400961	0.0195395508076273	0.0274342340273025	0.00226891376587435	0.0442307852934254	0.0503674514242073	0.00936413753381926	0.00460791631293933	0.00714870667378609
ZNF354A	0.23675914871257	0.131346331372726	0.056349287681705	0.049643515747531	0.00290412530444717	0.04385860306445	0.0386197775803877	0.00599520609793047	0.00430888403715068	0.0142156147975208
ZNF358	0.114451232460155	0.0457285524500362	0.0296680574573864	0.0214463173667264	0.00384967263158331	0.170318924504952	0.144243893803389	0.0366666535506607	0.0211844946009747	0.00092878569934074
ZNF396	0.075939034032976	0.035362962174328	0.0116826888660185	0.0186436182780058	0.00824177185995578	0.101865402789869	0.128019626673321	0.0235588120413974	0.00856555923420133	0.00128411921323723
ZNF43	0.0298742732959376	0.0197877050234775	0.00827748557716979	0.0127551095538898	0.00455245351563582	0.0622308706253234	0.0371468198773846	0.0151747041958797	0.00617933440555918	0.000769071684766809
ZNF467	0.323301006990239	0.0903021526150372	0.0307217677111971	0.0376882668352988	0.00588967369790816	0.25602654222215	0.235625464260928	0.0541616158318321	0.0372952251644592	0.00659165666699191
ZNF471	0.0601098850573726	0.0258062748218691	0.00791548101827755	0.0132824125038605	0.00429094826985232	0.219679539542723	0.161409369612361	0.0406989856861329	0.0174235224987435	0.00117339228037594
ZNF491	0.151999443522345	0.048744358612707	0.0160864883336052	0.0264982631314471	0.00215275577363383	0.157540661485782	0.148466235454788	0.060619016505808	0.0246431532489717	0.00204116129401477
ZNF502	0.0896800306322609	0.0365563188681601	0.0093364413752266	0.0158428714107633	0.00553765299581765	0.268396345029218	0.242473514824961	0.0651013185117455	0.0515607337747765	0.00278006672899556
ZNF528	0.126210775019218	0.0482729739584931	0.0178559352337232	0.02680018732937	0.00286832750791322	0.117738703082	0.0708611666256195	0.0118301626631468	0.00548881167971604	0.0026921461890792
ZNF544	0.091641049725478	0.0428303221427967	0.0135982576558822	0.0220831072822906	0.00614480618139623	0.0938835446810244	0.0733231460813475	0.030653913598652	0.00917190150153002	0.0022292449054313
ZNF552	0.141540850795543	0.0910564140152106	0.0223817984608597	0.0303492253966993	0.00385087077135426	0.120578530643375	0.131079380900717	0.0246571685148494	0.00850361235976449	0.0036747040139592
ZNF569	0.106082158791774	0.0430524119606058	0.0126042694442455	0.0200913123539678	0.00283521546813492	0.119117112499191	0.0848249256067196	0.0163861165690289	0.00597971975077694	0.0012272082285254
ZNF580	0.00392531799816442	0.00402155656351666	0.00195713002430542	0.00234312182756402	0.00214457214901898	0.00301647697301333	0.00403966165876768	0.00171520751743182	0.000821841466329909	0.00105122867773577
ZNF596	0.0484760781841878	0.0261851782023971	0.0143490852493724	0.0190070345113867	0.0080950114905205	0.0323840531298628	0.0285949002670979	0.0254477224670269	0.0333695612539823	0.00129763606967659
ZNF605	0.0674448883187247	0.0315769501458459	0.0163164446287254	0.0148024945062225	0.00602167917734386	0.146344480031044	0.138750609712076	0.0301083354901913	0.0124331430208398	0.00169598806937588
ZNF607	0.0278458614523948	0.0105756473986151	0.0036429177331706	0.00454317253372916	0.00586562542280822	0.337136324968025	0.320138523687297	0.107596812104276	0.0585207463055729	0.000424288010390739
ZNF628	0.224799205836441	0.0646556291195347	0.0225085163310862	0.0349791549975054	0.00359521782632433	0.157673478459535	0.154265450904189	0.0263818494226313	0.036929205059298	0.0193085895065801
ZNF630	0.0537537276821926	0.029381824815941	0.0167188540797102	0.0161024222222755	0.00591544262259824	0.0498119832286199	0.0652297941064663	0.00907890722371718	0.00390644583550626	0.0109549074501075
ZNF667	0.0385080599687051	0.0167993607459634	0.00432251661246696	0.00734475156310166	0.00404847637395511	0.305038910237057	0.158299385186079	0.0218130978353184	0.0070638329653232	0.000295367442979866
ZNF675	0.17158180418059	0.0680644461090457	0.0265946445063354	0.0292096803233779	0.0102904033523674	0.171594286724612	0.190351402240338	0.0312616110536271	0.0148856314816684	0.00195109971611696
ZNF71	0.0386344932044627	0.0203986768166059	0.00959982002930659	0.0162320503184169	0.00154747515990039	0.00464473999655057	0.0136647814355932	0.0051687398039264	0.00719924346125278	0.00146111358535517
ZNF791	0.142986252083251	0.0498319859856754	0.0304271283352	0.022804518143453	0.00488932014276333	0.213159903842869	0.18857639904419	0.0321284433754795	0.0181641070021583	0.00146559108361932
ZNF831	0.0301180311970232	0.011496527108689	0.00274670161960899	0.00476382710831902	0.0104399554321548	0.415813958619286	0.267097538709271	0.11963752727607	0.0632561223921165	0.000524015883770712
ZNF853	0.124915781661154	0.0483065649508377	0.010675636505145	0.0214179964699708	0.00621068235065037	0.227949419353401	0.226277820254859	0.052437709578955	0.0300983560871174	0.00390077607260852
ZNF91	0.22400051135965	0.0656934879954383	0.0183683872520704	0.0301527192009373	0.00739441106617655	0.321310018979945	0.268035799137201	0.0705258505845417	0.0425021072992543	0.00420346869072452
