CD4+ Tn	CD4+ blood-Tcm	CD4+ Temra	CD4+ tissue-Tcm	CD4+ Trm	CD4+ Th17	CD4+ activated T	CD4+ Tfh	CD4+ Treg
AFF4	0.101405993624711	0.0596791723546908	0.0123407955056153	0.122903551759315	0.135730171987897	0.0119811538644041	0.0753896558488036	0.0468314494498764	0.104119306590436
AHCTF1	0.182509708221941	0.172494530382778	0.0278390495802696	0.104577672722207	0.255090309677656	0.0466927711461975	0.161583760823707	0.0713867857599716	0.150822425398485
ARID3A	0.117966815183804	0.112849124673288	0.020395496982049	0.0730490722507044	0.141141450767324	0.0344522751195456	0.103303047615116	0.0657103339107404	0.100116456276377
ARNT	0.161103613060046	0.164642936857151	0.0296379977394414	0.0892164396395368	0.218685402903735	0.0446367220155971	0.134280863553952	0.0626995606865953	0.145209528881425
ARNTL2	0.141131472581933	0.137625303726641	0.0264165428153954	0.0846935859086175	0.172992910560172	0.0371352526393399	0.115932951087434	0.0603586699285804	0.132672458962908
ASCL2	0.0967088387141446	0.075298028323426	0.0201802890171815	0.139599961212694	0.187804184115104	0.0239159464908825	0.100880568447812	0.149461159284105	0.147513606590354
ATF1	0.0965599769763699	0.0624160021153385	0.0145220938816412	0.158496142224835	0.184516160077792	0.00709895694608143	0.068264494981206	0.0301382086601401	0.110573976742873
ATF3	0.158273942762701	0.156730474001731	0.028490630711989	0.105451004078441	0.305776665737167	0.0577173372824891	0.150906188959528	0.0720799943558296	0.154518417111741
ATF4	0.167838245088255	0.160431607489985	0.0287170717159154	0.11963510129151	0.285255349406507	0.053920563090316	0.13854195121196	0.0815106075028792	0.162276018485848
ATF5	0.163116694706954	0.155019497440052	0.0264364520288638	0.100448459339105	0.287238793571562	0.0550853634451592	0.160078441300936	0.0758453006412678	0.156432248328537
ATF7	0.069455575146349	0.0736007831087604	0.016738123800601	0.0551340956875888	0.0899888661526352	0.0243246677503353	0.061138532057019	0.0400534056776877	0.0527853386956951
BACH1	0.0960589077759672	0.093619546069271	0.0272520878604593	0.0922895082579656	0.144640736329542	0.0410604764213167	0.1228000683098	0.0830939850431186	0.231020232145325
BACH2	0.191050132499124	0.169190120863653	0.0283641140185449	0.107288379890396	0.261023826484894	0.0509159080681539	0.156869981104147	0.0796611833141636	0.155013999211081
BATF	0.127928631540285	0.130758850065726	0.0293345911144238	0.105807001244694	0.244616404410408	0.0618192615323836	0.133556964785893	0.100714516129304	0.245682429643719
BATF3	0.0813235305161092	0.046841224058726	0.0330923951967732	0.0465706339691948	0.0853425280122843	0.033267819543095	0.0530856684729437	0.0350312842059797	0.193614904371135
BCL11A	0.192161078275919	0.159869894831614	0.0274969272010219	0.114290841345397	0.261831889257684	0.0482687138589986	0.153675911494639	0.0778781823673242	0.149835250298041
BCL3	0.155442471632624	0.164271348050411	0.030110561137795	0.0918193738325106	0.282501747712056	0.0647056417257188	0.148021781702857	0.0820356622797045	0.17167420679477
BCLAF1	0.180847968244163	0.166002332781946	0.0277635959068253	0.11137562519719	0.269285691918027	0.0500025430016143	0.158251963345504	0.0791419262450416	0.155191380868202
BDP1	0.180672779497762	0.175513811006334	0.028751966803875	0.106934089803915	0.26483244037551	0.0503762393818377	0.152383124998269	0.0782121896226223	0.153910703529657
BHLHE22	0.100543475398421	0.104785675556294	0.0260572859413474	0.0905898651037551	0.161657702050401	0.047814797641152	0.131082920077916	0.129281163020209	0.1625877214957
BPTF	0.179565704832249	0.167927497605927	0.0270152203801612	0.0951635397500508	0.203049066851268	0.0469922293059417	0.139320379887542	0.0777640646602629	0.135841642548394
BRCA1	0.18927797477759	0.177613458077596	0.0284314083301251	0.113737341680444	0.249677508011763	0.048311010233685	0.142738351490793	0.0830201393254487	0.159887907887735
BRF1	0.174643442235257	0.164698020512909	0.0273463742473009	0.111978034056895	0.223376355089157	0.0423219635854337	0.137040207593603	0.0854734995891022	0.147983853190537
BRF2	0.187452896202142	0.153676105536896	0.0252627342945319	0.105233813442091	0.232767627256321	0.0468517499091041	0.157544027994492	0.0892390331759754	0.141918530227262
CBFB	0.046352622742174	0.0424070934610153	0.00873432068840752	0.0282767583529403	0.0566132456396485	0.0201095354724879	0.0372481677363899	0.0278679837830925	0.0412630822790839
CBX7	0.065167063937297	0.0546848294492761	0.0148793885471883	0.0428411349160993	0.0657207291792656	0.0159277554269321	0.045305175384361	0.0296667712679828	0.052971470462075
CDX1	0.113248065413451	0.0906893605361092	0.019443409493326	0.145607151656601	0.250519537843009	0.0259189660919602	0.0821613476379371	0.0432930755378971	0.134416296432941
CDX2	0.0247180494973626	0.0624156941233717	0.0176551986650105	0.0419479165407778	0.161208621172553	0.0439564964650929	0.0231935021562514	0.0295469799271496	0.0721588841602576
CEBPB	0.153820441010514	0.158723005821036	0.0280303885653426	0.112255664886363	0.304948523903827	0.0550518075139493	0.148139235265279	0.0734097470287339	0.147748750167101
CEBPD	0.155391137491959	0.164395412587121	0.0295819753836654	0.101266014177009	0.29885557840735	0.062508226262258	0.147003435454512	0.0754789633896952	0.15824201535172
CEBPG	0.139752783745973	0.159310280575361	0.0308022368750706	0.0914295190873706	0.24294890213801	0.0617234296402214	0.109544816841558	0.067770636704106	0.159403540828909
CEBPZ	0.188288701188795	0.172040520031853	0.0283043165717859	0.117554209767604	0.256208705158915	0.0501545829981322	0.147406892119462	0.0868891719505962	0.153393340405814
CHD2	0.181174681278863	0.165820057504074	0.0282098978310492	0.106202727759258	0.267143364386284	0.0505072281685194	0.163281161298159	0.0804990298566614	0.154284536199626
CLOCK	0.17831199996472	0.164979553454378	0.0389308884345864	0.088000536715405	0.223297299497341	0.0515540885166273	0.145772145312193	0.0625323825512509	0.124242805725248
CNOT3	0.143571384115871	0.125755719348698	0.0231261922375445	0.0985935169753991	0.163584847311444	0.0296945158923745	0.133989210649273	0.075022587525549	0.130186296643734
CREB1	0.191422915994402	0.176272833541025	0.0295640716714418	0.111773532986258	0.252908336841259	0.0524430315853329	0.144186186489801	0.0829503621712063	0.156654171552857
CREB3	0.179526202563671	0.173181579696186	0.02751772282443	0.107315501572477	0.262245365011808	0.0433925121119457	0.149787973257459	0.0734139120054148	0.127045379571957
CREB3L2	0.0725960060684256	0.105347693388791	0.0260279722575745	0.0739300587344948	0.27055447265585	0.0712835443791642	0.0814040521241358	0.0404748430916601	0.185864855781379
CREB5	0.130596491841836	0.110393164485716	0.0233896729123769	0.109217148661045	0.291009300971798	0.0459419568540067	0.169699598023586	0.0703117664897533	0.132042304290444
CREM	0.177606507196811	0.170243860887422	0.0298342405543478	0.110823019368985	0.269714211056577	0.0555080689543658	0.146950869982101	0.0829422542052993	0.160952046536686
CTCF	0.189093758831027	0.182894275491121	0.029756119777873	0.105199730483417	0.251606481682746	0.0499743874750832	0.14891063956011	0.083282564649188	0.156150147671376
CUX1	0.171502307221392	0.122770321176865	0.0195459535783871	0.0727129316708149	0.137482595342255	0.0261612937329944	0.115944539997926	0.0642097042292988	0.0823899954131416
DDIT3	0.113131063422459	0.128745387816326	0.0236848573187871	0.0818329033173762	0.32248622549892	0.0465326549268149	0.172832981272971	0.0569146146878	0.123310872682248
DLX2	0.0245978889780061	0.025339753094499	0.0196860848881814	0.0193595762342239	0.0220120255791146	0.00697396493845504	0.0147815425701876	0.0134450680857573	0.0177260604893086
E2F1	0.183143417875402	0.17963801140997	0.029200815154256	0.116738812470172	0.261611999361211	0.0492283058855411	0.135598036099927	0.0820323928130757	0.159824015912586
E2F2	0.180711283375465	0.204036224534265	0.033397340627525	0.107382597686771	0.260521108402077	0.0525355346400158	0.121586131486388	0.0747591691319947	0.153128102079284
E2F3	0.176528355350745	0.164753342313543	0.0360806826586224	0.114421706667208	0.248261831336894	0.0413185423319995	0.131994614337926	0.0648208076384588	0.163678935429955
E2F4	0.18235798866234	0.179059783571711	0.0305288112540253	0.110764662222871	0.259068196955925	0.0542917359106888	0.138890945689005	0.0861483566397606	0.161822578403172
E2F6	0.16217558457225	0.144954265130083	0.0286776177404929	0.108914215393142	0.220313923858749	0.0471931386820208	0.129475590744648	0.0739005149127502	0.157534472154443
E2F7	0.153551296682516	0.149597528984479	0.0292565506168083	0.124158517549471	0.254532895141236	0.0502282888136442	0.131547900420306	0.080838397228014	0.171624536036126
E2F8	0.117656643670936	0.115287688309098	0.0231014538763528	0.0754287261020297	0.185394268203507	0.0366535638229678	0.131190956367121	0.0545313184422561	0.106820289573005
E4F1	0.158406305142932	0.149304758239962	0.0276164191011842	0.0938903079094885	0.240065225332698	0.0516815974287612	0.148526345847541	0.0887449101189824	0.145777393603031
EGR1	0.143994903625197	0.135754627806464	0.0255712750963778	0.0968610970720778	0.321501103185755	0.0509385496169477	0.167477226038345	0.0665777478683754	0.147654113423787
EGR2	0.125600565174054	0.12171201543589	0.0296874743452249	0.0987097311632276	0.283197072111388	0.0580461649647288	0.16284293621081	0.0996827797151982	0.156607233980701
EGR3	0.129487700888011	0.117622966535352	0.0254494013933482	0.121249498638722	0.33475344503114	0.0501837778250389	0.146793746688229	0.0724420703554799	0.135971639228065
EHF	0.092886794395195	0.0868516756199	0.0174206020451891	0.0531841555778391	0.108456119974337	0.0243608318093093	0.0849929703577605	0.0412204338523043	0.0739417410742422
ELF1	0.174889219198221	0.166222027454686	0.0293815338588918	0.11134209176877	0.271973335968882	0.0540859903817491	0.152490931095298	0.082949803600906	0.160443721138495
ELF2	0.195917107845208	0.182226326221601	0.0285128630589352	0.105499720913577	0.246848245754907	0.0494123993461515	0.151478435018369	0.0803789802599649	0.152259956358739
ELK1	0.177501811271075	0.173854752913259	0.0315849055043957	0.104349376134425	0.257661422114921	0.0554359207178264	0.141532613301626	0.0844882413810016	0.167998100733652
ELK3	0.14848020390403	0.148521202398865	0.0266556688667281	0.111891744224475	0.278539083305152	0.0684809464549941	0.127139944361994	0.0699031044981027	0.169581661072521
ELK4	0.181039505905232	0.165434109046932	0.0290494923496597	0.123788664380232	0.250932187550966	0.0524780976840752	0.141312306251942	0.0931601104063176	0.158891179179191
EOMES	0.176434296677122	0.185968838077879	0.0409495395946604	0.10479791755789	0.264972758502565	0.0577270810755961	0.132861504347974	0.0789229883839446	0.158305055987246
EP300	0.178050828367252	0.16862585105894	0.0286689659463373	0.111621661571748	0.256992647785221	0.0502395562417194	0.153415830965075	0.0819661634714756	0.156017681932028
ERF	0.155441547433735	0.137821122636497	0.0289505703693514	0.106109876923283	0.215162267766081	0.0515201084192503	0.130234717349928	0.0896087073613137	0.151562708263487
ESR1	0.0547026587014688	0.055283380690889	0.0176186552943862	0.0360720356187041	0.0872908602899274	0.0281028520631812	0.0668389727719888	0.0328047193801299	0.0600325071711626
ESRRA	0.166344606666671	0.165197775624369	0.0304692277719188	0.134716282638405	0.262859213246481	0.0546712109095897	0.117924753981357	0.0842115200717483	0.158309980707816
ETS1	0.188934497682478	0.177186921784152	0.0291722089331033	0.114498207090762	0.258790542830639	0.0514019068817274	0.14482860108652	0.0832574644139671	0.157234834914477
ETS2	0.167367759409036	0.162759809276772	0.0290827526807614	0.109633605455396	0.268267500670147	0.0531880890985399	0.144193775521634	0.081430766944802	0.169135204569289
ETV1	0.173376369801811	0.169444979831481	0.0318681771768408	0.100905557451489	0.241744390518963	0.0460274742509887	0.143267630020534	0.0812378376170103	0.155270765344876
ETV2	0.182918860991033	0.135045166936211	0.0254587511291752	0.101411692210785	0.21791711850372	0.0386016433615901	0.153700552983862	0.0737920963424856	0.130855319034158
ETV3	0.148876472743007	0.142762205862659	0.0286657138060085	0.109111311400976	0.301195581065427	0.0567332263950566	0.159615497751491	0.0748828781391767	0.158201360512158
ETV4	0.174989599260926	0.159966447353949	0.0283044454344811	0.0868171635892669	0.200656726998327	0.0456855050493951	0.131849887674159	0.0779620404137108	0.146177122573628
ETV5	0.148197708918027	0.137862437597043	0.0231666645989104	0.104303478360248	0.180853356710382	0.0338148668221803	0.129773565534066	0.112849897453202	0.132702161132459
ETV6	0.181008419135606	0.166814890383271	0.0288996390848555	0.106332675715088	0.224519161531663	0.0510378397326401	0.149628160712205	0.102723792939878	0.15680788332034
ETV7	0.164513055320154	0.168158437607068	0.0326995807761314	0.111573204723928	0.266090859420876	0.0620835925239466	0.131560492919131	0.0851296108290067	0.181922990074425
FLI1	0.197128173345615	0.189824199371576	0.0303663542127879	0.105316880567279	0.252623260017404	0.0529704774292227	0.143253620216344	0.0777417340146869	0.153360704601431
FOS	0.177526514330873	0.166667148262575	0.028268305774567	0.106834696734254	0.27985543561501	0.0527971403381947	0.155149685786669	0.077335947474656	0.152669066213094
FOSB	0.161116890021051	0.1562100175856	0.0281765695671756	0.101443368106334	0.300015358655158	0.0553085663516577	0.159018111990725	0.0736525730116364	0.152304599139429
FOSL1	0.131857122352318	0.145717446796313	0.0284398199475034	0.094446630024773	0.328496437674555	0.0539064774143195	0.157797574329673	0.0637579292516745	0.146434307662721
FOSL2	0.156406889807876	0.15390712733881	0.030264386904398	0.106424372650646	0.294082774759203	0.0571175788802133	0.156795782764304	0.0751822512760814	0.160280412712915
FOXA1	0.108297384196731	0.103871058415033	0.0219121128365554	0.0601040742786425	0.14422718269086	0.0338016499879974	0.105858244749658	0.0502441562848663	0.13628555965282
FOXA3	0.109811950665707	0.0809842605541081	0.0171568346930117	0.12154416324607	0.169732812468576	0.0226622393626267	0.0934060778956471	0.0499334390950632	0.113051163809358
FOXC1	0.156691636052311	0.161397499555051	0.0238249765177245	0.0793450901662376	0.177303798673429	0.0412014361210709	0.109295582627788	0.0642168141653757	0.115861173729021
FOXF1	0.125598572246005	0.116181066409616	0.0247216677184846	0.120248926391694	0.218382048161244	0.0416278545853439	0.149100348750067	0.104697646504917	0.163767870318695
FOXJ3	0.194837204025565	0.150062641304128	0.0264528524031136	0.109297185167887	0.244723242496108	0.0482854364155797	0.153890956794894	0.0776936229932581	0.151825107364194
FOXN2	0.17185145836761	0.162642152016981	0.0270699777436063	0.108926690496697	0.262679179930762	0.0510251870044588	0.1650423667572	0.0887178357860473	0.1551727095492
FOXO1	0.0422245259096379	0.0459372558704217	0.0124170212033767	0.0343091925073452	0.0628859166569607	0.0122440922071382	0.0346656326472141	0.0193327636550965	0.0578997818074281
FOXO3	0.161426707046132	0.168761740184006	0.027219255562023	0.110667768202234	0.298755947301596	0.0603229938739883	0.132092900173892	0.0718180717887625	0.146699237820036
FOXO4	0.0390886027879875	0.028786438748142	0.0163714690280113	0.0238122488290066	0.0398854192606507	0.0430958154649609	0.0451633412104216	0.0439293111737584	0.107195818643683
FOXP1	0.203843500473462	0.16782391487937	0.0264079176013373	0.117862525266727	0.241423636704947	0.0448061614704701	0.152340552815401	0.0787744246794427	0.156334556215748
FOXP2	0.109816349741838	0.108317228505131	0.0239778088775541	0.073817995096251	0.170795876069495	0.0336725998677572	0.111959202106257	0.0543959969128501	0.110519882454571
FOXP4	0.147756624504577	0.157964945388029	0.0230177298222576	0.12186395197155	0.255031634625251	0.0367752457101955	0.120455261222994	0.0708933762224156	0.14237401470776
FOXQ1	0.0994909080796452	0.0951328658828509	0.0176829773048067	0.0654550573860131	0.160726776675195	0.0361872681041546	0.120694274324108	0.0509806023058379	0.0870714860823283
GABPA	0.180637831257874	0.177865370189319	0.034572994661787	0.11339206669429	0.256927579455343	0.0483547513785109	0.144337777903748	0.0758781140802027	0.151522632575149
GABPB1	0.174083926115318	0.167327534547694	0.0289579985767523	0.122196213982433	0.274544555447256	0.0559976387746077	0.134014749240792	0.0856249628178316	0.159130889265367
GATA2	0.128715982694753	0.132670495285461	0.0278998745822088	0.0840910923115042	0.195954562552263	0.0462919384639776	0.096015781249179	0.0730571681672494	0.146392130450387
GATA3	0.116552868378664	0.226360351247533	0.0316833421601779	0.0829097903289147	0.331458819291032	0.0438870889300179	0.100459800755526	0.0337152677874945	0.103260378002367
GATA6	0.146630550026433	0.127242664737049	0.0276778803031267	0.0561275075283835	0.131638115953255	0.0481760734052343	0.114434450807498	0.056834373034567	0.0860035884873964
GFI1	0.0159206807785401	0.0281088084179039	0.0182764542286245	0.0306427844191479	0.0747089561421155	0.0246341678366832	0.0296070852322043	0.0182214633270883	0.0358705710682884
GLIS1	0.121653833573444	0.131176272332692	0.0303622066695863	0.0853638952468583	0.244971694482042	0.0500624789515408	0.170042322461539	0.104957259718136	0.128376790226433
GMEB2	0.142816150721343	0.122496320760284	0.0241024310712794	0.0765753072339199	0.117504426653164	0.0414918903406265	0.11418886070682	0.0583361643609842	0.0900696278114431
GTF2A2	0.014915853539697	0.0176643627890609	0.00332790479170697	0.011520214400584	0.0159367077236018	0.00166627183781742	0.023458970964449	0.0103785505720738	0.00640748822027193
GTF2B	0.161309769712089	0.154931740669756	0.0284333949449982	0.105410757919537	0.289123841055533	0.0547076864669035	0.16110730838129	0.0795995614997526	0.157717237838387
GTF3A	0.124116232587243	0.221664018329934	0.0277364746745618	0.0672970530404976	0.157234251111485	0.0343645048387892	0.0687381163657257	0.0464195536357921	0.0954188676462697
HDAC2	0.193744410040767	0.176733072611609	0.0289358917078592	0.112408927292204	0.258407244812606	0.0507039490753944	0.143256221536109	0.0807494989342225	0.156492384294495
HES1	0.0330308607113725	0.0311533473014737	0.0107685116322906	0.0388290351279343	0.0608053323396528	0.0193975335305568	0.0377111823603995	0.0379285675375493	0.0461604333130515
HEY1	0.16338827124838	0.116886740332322	0.0221949266492704	0.111787123684388	0.18482429107392	0.0493582017600488	0.154903738411361	0.137024301107984	0.158354624295587
HIC1	0.171044332518215	0.170979774665638	0.0292226709509537	0.108014220653562	0.283026569197819	0.0560233096753039	0.142685358819437	0.0773289091504491	0.157398826320901
HIVEP3	0.137360938831381	0.121969538597202	0.0259471912746837	0.0735995144371595	0.21454551920787	0.0449927034268742	0.136769153529267	0.0750461850607363	0.148916920451859
HLF	0.109446759007953	0.1453357596663	0.0267026570879008	0.105062782731305	0.320421815374023	0.0648896493898975	0.131900613079833	0.0621051638842367	0.165514168968576
HMGA1	0.195617050011449	0.181919416657543	0.0311495534049162	0.105245995230811	0.248591157077926	0.0548265331561143	0.139663791717279	0.0860554580666054	0.157376987965866
HNF4A	0.160072807468787	0.117162794306677	0.0205244552545049	0.140067667846093	0.229392567428105	0.0243726408780666	0.101103936506452	0.0517735619168752	0.136185173638577
HOXA1	0.10023708352556	0.0986814879462318	0.0200759567251029	0.0649935042286717	0.111981704911368	0.0252246489294912	0.0762740694718131	0.0510561586598236	0.0880828272875158
HOXA10	0.184051355221021	0.173977522876588	0.0295286855295922	0.115718221601012	0.262064883796085	0.053959672183161	0.137991678215356	0.0816641547326085	0.156603663598078
HOXA9	0.150996437461861	0.12427160699189	0.0220207660884701	0.130905205634924	0.214374042477733	0.0277585568664007	0.0957838652234234	0.0527616007769302	0.138800495022326
HOXB2	0.00722894980069777	0.0280259873215127	0.00632572172824564	0.0123654204098208	0.0324424133844251	0.0961481674128729	0.0115264544748545	0.00748045160743172	0.0220354695165735
HOXB7	0.103666423051451	0.140346127696509	0.0280612372208896	0.0612060485760494	0.14627488232574	0.0443275502759894	0.0908140406190351	0.0506345942536994	0.080116073495647
HSF1	0.190702314480656	0.178767959590988	0.0292259202521296	0.100295159198452	0.255665103058148	0.0530779638319403	0.14951733813833	0.0841768198119704	0.152908175763524
HSF2	0.0102728380503785	0.00999135544715823	0.00299433712718111	0.00526919981717011	0.00919978904900209	0.00186516343036425	0.0126674178378133	0.00626168231591606	0.00917235068410172
HSF4	0.130394415705382	0.178391536460968	0.0281016457945396	0.0832255693611592	0.215219226918252	0.044682093288687	0.109264175457292	0.0601750859812989	0.109750620153569
IKZF1	0.198947429231694	0.13674278751774	0.0225872967096971	0.0970406009575369	0.184888004032508	0.0397620894140913	0.162917299305701	0.0698816634492962	0.113784868990182
IL21	0.0648330535655747	0.0542922726885688	0.0234919204134441	0.0914515098442629	0.138544120142822	0.0477454123031843	0.0962992031865596	0.128012933996792	0.177983390444668
ING4	0.185391669516258	0.133839772312637	0.023541200033532	0.100849324261468	0.151908133331188	0.0353429628011431	0.119110958180172	0.0858021414625516	0.109676181788389
IRF1	0.151609413408517	0.154713549704534	0.0286277450582872	0.0957115545601143	0.310058860493486	0.0564013403878981	0.157477150439176	0.0688156054931568	0.154780953194013
IRF2	0.185203251743242	0.178489224296006	0.033178102955141	0.106836911383426	0.25551851505491	0.0591539798422138	0.140270332729619	0.0835893562960593	0.162809231996274
IRF3	0.184463013762085	0.180612422032143	0.0319601160429317	0.117397787558228	0.255963163599183	0.0548491890982865	0.135093414371711	0.084186086491592	0.159967501779386
IRF4	0.158028971968673	0.153246673785644	0.0308464740574144	0.105883810607285	0.281224979330189	0.0582845157099183	0.149877109897292	0.0836077864105034	0.175805341706775
IRF6	0.113820629101564	0.103224726313421	0.0193682173662283	0.113688531843351	0.264226286919691	0.0554325994746746	0.124677547487039	0.0700283641910125	0.15987008657673
IRF7	0.175513662818825	0.167521450710087	0.0317529491637268	0.106856947378972	0.263435171717207	0.0578022703660825	0.153919431625791	0.0853977763266407	0.16253309738049
IRF8	0.167384862504897	0.163288788411299	0.030072968868765	0.107467446686862	0.25802619686624	0.0543153779071501	0.145717534633917	0.0993581368235399	0.172544439593801
IRF9	0.175688085297286	0.17359613498832	0.0316616016247793	0.104325679422715	0.268145342275446	0.0573921176684759	0.147523777517126	0.0808378951654662	0.163722505627244
JDP2	0.102060051453533	0.112730008033012	0.0252995800069389	0.0922329623750012	0.274511598981465	0.0461523131410847	0.129806960218547	0.0623738517335922	0.124199729276055
JUN	0.177256897908056	0.166576329982242	0.0284151303416715	0.106936163330367	0.280192088234821	0.0534160217976126	0.153181353125057	0.0778716691348329	0.154109595049413
JUNB	0.179640100534177	0.168002290076623	0.0286302073144428	0.109649871442821	0.268967459796117	0.0519978552279592	0.155890450174238	0.082679229002614	0.156677330009566
JUND	0.172280824546813	0.165093633497339	0.0286624914513275	0.113243957415584	0.282852732911833	0.0535458191183886	0.148363628693776	0.0797916222207352	0.155671811010876
KDM4B	0.113386580919035	0.117933326192221	0.0288714852923718	0.0506582817827624	0.113470305497089	0.0358638040324704	0.0752288262222974	0.0383179131890616	0.106893706371936
KDM4D	0.0659564784906836	0.0629619878375881	0.015398652876342	0.0418980297655321	0.0762779549419386	0.0144121461663159	0.0748810941220361	0.0319542770070822	0.0568899450722199
KDM5A	0.188463960128074	0.175452403076722	0.0291219950528924	0.109591595637839	0.253675279195144	0.0502867852103538	0.154299093561163	0.0819213699028613	0.155748982071453
KLF10	0.149454367975586	0.153926602506547	0.0279993045040202	0.0893566282689023	0.315967915831348	0.0510858323943407	0.156272782747118	0.058595778281427	0.142779307891009
KLF12	0.188865999852583	0.203505194040657	0.0310564857292634	0.10424257082569	0.250312097517766	0.0461661643697815	0.137920569233248	0.0728448689685597	0.144528469459332
KLF13	0.168417407122704	0.22846911292423	0.0363697436891268	0.091310733081966	0.256493577576228	0.0492052008544929	0.109429047230591	0.0570529569650097	0.134282680329701
KLF16	0.152482889319789	0.158576693744269	0.0267774748732778	0.105552014829256	0.265168094923155	0.0517132320207058	0.142400280488101	0.0750658378551465	0.170957109940505
KLF2	0.2124482379736	0.207239602582418	0.0290905856613408	0.0984191187300789	0.243980003923037	0.045609581258959	0.145053673876904	0.068603532394098	0.138002207386385
KLF3	0.200472450387487	0.190570263315292	0.0291549792462092	0.106540327886828	0.253606458688573	0.0490903679239703	0.14750766117698	0.0745232454516233	0.147247094409735
KLF4	0.148923506753516	0.140914633740208	0.0252025400405752	0.0978896798001222	0.319601802541785	0.0496651538858981	0.158214013153324	0.063564347723956	0.142936677431288
KLF5	0.172896839153806	0.163219117924368	0.0293315993335157	0.115860399251634	0.274734322222417	0.0486829955966464	0.14855646860418	0.0743830885539171	0.152202138614054
KLF8	0.134094079072948	0.245344032666499	0.0369230762454639	0.0745227889946799	0.247977388278512	0.0409599924116081	0.0878309917506951	0.0392231539364299	0.125208341375126
LBX2	0.192837731851809	0.202332793538476	0.0253252953403321	0.110101821152667	0.213322600697391	0.0441148203616391	0.0904450744024033	0.0457641260428336	0.100963822301075
LEF1	0.233700663972876	0.184758800310312	0.0252153747436304	0.116085599276174	0.224529743319157	0.0430243462323986	0.137814680112843	0.0710967345278043	0.140323121968068
LYL1	0.0558363280292241	0.0516152661366386	0.014728936023099	0.039981454539712	0.0904056987808821	0.0182376482515081	0.0287784700836161	0.0181574522197085	0.0460716960319302
MAF	0.113585861066124	0.133386153341459	0.0318041565953301	0.11190177028675	0.236172855330003	0.0651261220059608	0.140132779954402	0.137114432369283	0.209996814917829
MAFB	0.102854097485743	0.0732026549066289	0.0169899800309675	0.136756111519579	0.246320524383875	0.0272121350322502	0.0935781259905201	0.0592936958974092	0.13340771121204
MAFF	0.127592115104453	0.131707583354619	0.0248035054378712	0.101941274861864	0.330649188454205	0.0528883867474891	0.165525250230247	0.0690752653958889	0.148341325873711
MAFG	0.110692886818883	0.130243132982874	0.0301561441893187	0.0829923268164282	0.146832110400325	0.0516712370812485	0.112858045841573	0.133417607906287	0.157667982057001
MAX	0.199368973145143	0.180871631110673	0.0289090344496588	0.108410502720764	0.249897026789987	0.0501225607919092	0.150034554816476	0.0814376288401153	0.154530484907752
MAZ	0.184921301876974	0.180710467107236	0.0315544649407983	0.106072321754789	0.252928953371807	0.0535236001649907	0.14222397890328	0.0895752977394542	0.163590029433174
MEF2B	0.194289982247254	0.184647606349491	0.0298791548213923	0.0905580076269237	0.228607541358147	0.0502132714688406	0.146908519478132	0.0782161615565136	0.136041735762619
MEF2D	0.0307826125894158	0.0295078348476224	0.0126597540246611	0.0176434843196357	0.0392233990579873	0.0147176138637674	0.0440705975799057	0.0201738138179074	0.0339249551941586
MEOX1	0.101890667229191	0.082067444351736	0.01465659039488	0.0730105551076315	0.0916560667672656	0.0253895422976987	0.0776833162370795	0.0510054340669741	0.190333677130333
MGA	0.0592653791939345	0.0506149242940094	0.0115580928473807	0.0376464398144073	0.0607271307049083	0.0126073192592717	0.051968762114061	0.0261115438415254	0.0449942520261088
MLX	0.143287338175279	0.166197542800765	0.0331568284781238	0.104700918957266	0.226106528276678	0.0610622295313673	0.115163198386855	0.106271905115939	0.156338182000379
MXD1	0.13422921758808	0.120987380874323	0.0265699462925876	0.0705187866302472	0.224389671721254	0.0503624381910008	0.145946807013575	0.0628551862606047	0.12468554746632
MXI1	0.193085917821031	0.180096540948407	0.0293624968930565	0.107678262053455	0.245792790866196	0.0510468230490319	0.147803557051155	0.0868586171913006	0.157480329427083
MYBL1	0.157043044278448	0.197919509252989	0.0296428490297556	0.0890844375223316	0.315455233435152	0.0580133862721864	0.13092827385298	0.0515732084932672	0.125918005375017
MYBL2	0.101240747750906	0.0820225515937715	0.0164328627292529	0.0809351843344313	0.109489640776646	0.0160105683746281	0.0594818404127966	0.0434530782704334	0.0809198533323897
MYC	0.18661977531185	0.177730386941376	0.0288909329371185	0.114995989578732	0.269303056752184	0.0525314091939679	0.137139772850547	0.080914803407813	0.153935038321777
MYPOP	0.0645434722541192	0.0580359469500843	0.0115989094258188	0.0458051662189192	0.0695262175715882	0.0162626025199214	0.0602086368596978	0.0379607964707334	0.0543974693836287
MZF1	0.105560419805656	0.0336030266184392	0.00914097403708147	0.0483302862457244	0.0603773093468648	0.018551265539418	0.0633374902557398	0.0547572142318287	0.0410261291308518
NFATC1	0.11523992837727	0.103094646116892	0.026427614287454	0.116918895528574	0.216847238179878	0.0456361832368096	0.149477445285724	0.143226989180331	0.149064961114001
NFATC4	0.14532023752864	0.147944777541658	0.0316960478917557	0.0781578366796749	0.197765209182768	0.0618662014389344	0.120733688582774	0.0865454601846143	0.137448066591953
NFE2	0.181403690249941	0.173686622973187	0.0291664558085284	0.112838514458427	0.257852662401445	0.0499585173350963	0.128978776530955	0.0776558145711298	0.159760970542126
NFE2L1	0.167627706783122	0.165982991501514	0.0321166648855198	0.0957271672227704	0.209917921495685	0.0452551293924647	0.131929009952463	0.0718289513487148	0.152940545722503
NFE2L2	0.169466163079692	0.157223143473789	0.0291512683186435	0.109409003308136	0.271620571464632	0.0557781816662604	0.158311409347773	0.0852463925811074	0.163657919410789
NFIA	0.0881756266371544	0.0920411140685817	0.0197819553049214	0.118231846504098	0.187432606174497	0.038756932484334	0.118752859429536	0.160647980310747	0.111126221943005
NFIC	0.137884792759692	0.239607838059308	0.0267542331811308	0.100718963039353	0.178644724099315	0.0214306190116109	0.0891607900724097	0.0650175868470402	0.115796814213953
NFIL3	0.130332568746524	0.14815201714147	0.0286538228731797	0.106488344286897	0.287018833554296	0.0579257666696015	0.134207733537999	0.0792446968598531	0.160417366801912
NFKB1	0.159292356533334	0.152182636695802	0.0278952206130861	0.0968831824388233	0.297139786837556	0.0532622709903331	0.151526221317831	0.0717193719279415	0.158342748829924
NFKB2	0.159912446440678	0.159605304067346	0.0297958123006952	0.10212256895863	0.287157456108873	0.0615005349514118	0.149637138983019	0.0771284672531783	0.166049340308924
NFYA	0.17169695936581	0.160827868149844	0.0284125921592624	0.108855986861473	0.27860713513879	0.0418512436151417	0.150803035845999	0.0734579618434106	0.145295474666232
NFYB	0.16501510310014	0.15978511658891	0.0297586070208817	0.111000267365809	0.258949163295045	0.0508946196142587	0.124608334879999	0.0779238718046036	0.157216940380021
NFYC	0.179699221285926	0.178073649225733	0.0314428484703796	0.103651066794394	0.248275838875451	0.0571397008260732	0.140790986519015	0.0921641249391694	0.169581783437611
NPDC1	0.17955565141656	0.169582155105928	0.0290941389377366	0.10983795779243	0.250976434224411	0.051901177949908	0.140795614262414	0.0817852021528789	0.159562859286379
NR1D1	0.162012085584272	0.1787110897914	0.0290158150500042	0.0914598931317734	0.2903707165801	0.0700710292779789	0.137667772908426	0.0720000610706516	0.155689544893853
NR1D2	0.0491058319522709	0.0724212674291134	0.0141144012508018	0.0190813286094066	0.100545720529093	0.0414646974989764	0.0572716873911046	0.0101247762554862	0.0475622199349021
NR1H3	0.183978512966075	0.181249693161811	0.0285555578064788	0.104688524319796	0.244408085052328	0.0498343024420483	0.125208369724736	0.0712097390956962	0.153870265936604
NR1H4	0.194882603814169	0.181201489995017	0.0276270487843839	0.12246136963471	0.25717682388231	0.0491560442150119	0.122872933183477	0.0781423521749273	0.151906262627328
NR2C2	0.190638740850165	0.170929564538883	0.0288002371656174	0.11195450655636	0.254147063525469	0.047841532055526	0.153853253087419	0.0795606514918864	0.151379114871787
NR2F2	0.136659335420441	0.112930494350015	0.0194981027181313	0.13335800223484	0.22069768309303	0.0251588606730264	0.0969866679643627	0.0508429955863409	0.130374877221591
NR2F6	0.0356720490830824	0.0393936111707501	0.0131566975047631	0.0226853881341755	0.0734508160402287	0.0192974838719314	0.0425408920534555	0.0203259097116655	0.0342843147389151
NR3C1	0.180627240256252	0.169721193070341	0.0295734943300884	0.111884674615675	0.260105136131008	0.0535509131772595	0.150932531757785	0.089450537054369	0.16082266227347
NRF1	0.154661607890537	0.15516086714378	0.0255127142121351	0.112715478713968	0.249764526350024	0.0354127098028824	0.128282391772346	0.0580255073300417	0.134475972603803
NRL	0.131751957712745	0.13582888256761	0.0218806677875641	0.0683536569641621	0.166747224438222	0.0322848775052739	0.101469536167627	0.0523655934609061	0.105413753129414
OTUD4	0.140611483040305	0.13516270528129	0.028454848136085	0.107497379247375	0.260567592841298	0.0570485635392187	0.135637650839428	0.0888521685626812	0.175169547534361
PATZ1	0.170605128352625	0.165885840795651	0.0306222599248851	0.116111681410436	0.247795365038939	0.0423256515922771	0.141409443713767	0.096738425339028	0.142974910142835
PAXIP1	0.107849158637766	0.247478945928155	0.0336962922669491	0.0475642815921402	0.227880167758323	0.0320135204302536	0.0570331680618212	0.0166294533138104	0.0876294408422224
PBX1	0.0599248315367695	0.0685238702492056	0.0193075721303971	0.0405964059204518	0.0708984141812908	0.0239386977747247	0.0446011948879401	0.0380741157766947	0.0596576312501891
PHF8	0.175085896714084	0.170208650792278	0.028380951452089	0.0945122768145836	0.244955343457429	0.0424587106817294	0.161695541929539	0.0678514529394341	0.142207687070882
PKNOX1	0.0716370533912528	0.0629149491417287	0.015081980335957	0.0506869514968675	0.0908601788100648	0.0207662540716173	0.0642578684921506	0.0323298218857921	0.0567412168509365
PLAGL2	0.0130828152665284	0.0114279730919333	0.00167297551811862	0.00532657031828176	0.00763696120953039	0.00359730353092236	0.00736817741625151	0.00301566039280887	0.00473298946327205
POLD2	0.0292578018892689	0.0216564193754025	0.00591742261497163	0.0177649434389817	0.0199138072908905	0.00816657800776144	0.0210643057253281	0.0119963611210182	0.0143617999601601
POLE3	0.179349243310997	0.169372601074815	0.029139758999656	0.114304893944005	0.262236887587238	0.052089421613678	0.139943849628982	0.0814489081390019	0.163934904295477
POLE4	0.179041994336547	0.173732714419177	0.0288737919590911	0.113705275931306	0.263145946327135	0.0530253389679549	0.138579395121809	0.0821767881036959	0.161683752026795
POLR2A	0.175674022026018	0.166152134593045	0.0296002481303489	0.101586784507806	0.272048674898275	0.0521140615186066	0.163297078228544	0.0783886261015555	0.156311300203486
POLR3A	0.0220862543801985	0.0224255128393669	0.00669967360245638	0.0208485483794041	0.0294375746578351	0.0143235173209822	0.0183916646508977	0.0137574964036521	0.0242830528309468
POLR3G	0.105266539176757	0.111637002650674	0.0239371243357015	0.0683175597710047	0.124558610582637	0.0316524113347396	0.0883170372758527	0.0623563517605855	0.112824919340732
POU2F1	0.0883053562661013	0.111191663142118	0.021421920804531	0.100684874589903	0.253709455014515	0.0642181649760802	0.0842499631920224	0.0527709313604524	0.135993196843584
POU2F2	0.0505039066046169	0.0581392283869852	0.0120245312248218	0.0303792703489515	0.0449952139184173	0.0172557968099437	0.0274314218031537	0.0294890010518136	0.0694148991842213
POU6F1	0.0891652019870354	0.0833930039239417	0.018348129312648	0.0654783627110737	0.140127744231401	0.039582318103215	0.0788394342094375	0.0434431876728814	0.0984242956584728
PPARA	0.0803301704478797	0.112837461201146	0.0326965435518736	0.0489812621318924	0.182836284831938	0.0498878644903927	0.0645863131154131	0.024679095442403	0.0493134052720935
PPARD	0.0257232933196897	0.020846012072763	0.00427818425455395	0.0143625957460883	0.0188243176622125	0.00352316577867873	0.0170290710345005	0.0114175798216072	0.00973761967628117
PPARG	0.158468668536019	0.163479361261916	0.0326498927098693	0.0914446297237788	0.22815121081239	0.0574914313195386	0.131384227097778	0.0806969140145393	0.1556109680367
PRDM1	0.163805936376603	0.163159752465037	0.0301203953604735	0.113046974186946	0.281400815447439	0.0596023125130443	0.141059604814692	0.0806258163482728	0.167555560317811
PRDM11	0.0852500534845144	0.0777398091483454	0.0207762056708097	0.0691755528824799	0.181508019756432	0.0509551045823967	0.121787585368484	0.058679722346382	0.0960778038086362
PSMD12	0.173993692542627	0.175251211466612	0.032344969450154	0.105363413496196	0.250455599436033	0.0571261289068496	0.140395225344668	0.0903654731324135	0.165337903873901
PURA	0.0528898695766976	0.0525899052720759	0.0097170250243962	0.0437819559905512	0.0629582793394792	0.0123731188620424	0.0335741447028853	0.020996246429806	0.032817509995076
RAD21	0.191330087030977	0.178660597482461	0.0296567742925475	0.108721332633739	0.25050958717618	0.0512856240563923	0.150605545670161	0.0856013526813825	0.159530053247601
RARB	0.184680444931757	0.177786555543963	0.0282178416362439	0.132375644812267	0.258332007873334	0.051584872894476	0.110500779181009	0.0838453684758075	0.144625802305167
RARG	0.121766385528603	0.217331986189286	0.0321958718714561	0.0749468268655638	0.289201571467859	0.0596185792346243	0.0997634342414943	0.0650240559833065	0.152851591010485
RBAK	0.116468120385262	0.0840130115860004	0.0157397793911873	0.123779064954557	0.190397931484844	0.0162347145419528	0.0871539502606884	0.0420923354414313	0.114766918163109
RBBP5	0.178626292806858	0.164194232721992	0.0282911809859073	0.116237572680181	0.252646755887278	0.0505933786299065	0.150357287147763	0.0875081109803481	0.151209486550828
REL	0.139958665493945	0.140553381632836	0.0293547457580238	0.105200425483807	0.304912422006777	0.0609928208167083	0.152933860089419	0.0807517313784807	0.170957992619785
RELA	0.185019085914288	0.175676835977372	0.0304915253473711	0.104578340045638	0.258455955483282	0.0557036019885203	0.154131489923289	0.0814936536730121	0.157349312700934
RELB	0.16030486701712	0.161726021424527	0.0288027643682749	0.0947740320513967	0.283445594767833	0.0625775527726371	0.15219688877801	0.0800344593269626	0.166506662574156
REST	0.194802251153557	0.181090812270638	0.0300554594376126	0.106418894879855	0.246639629634622	0.0525768204090132	0.149419801400567	0.0857558590930497	0.15584925111709
RFX1	0.0842412344508749	0.0878879244876696	0.0255237432909275	0.0503827945523306	0.123002171760102	0.0258293316491943	0.0726221937040517	0.0357345849262218	0.0696149173245325
RFX5	0.134095977248986	0.107929662783175	0.0237917046787902	0.105989630808759	0.215069597615003	0.0369872822518005	0.119806332967148	0.0622009307517198	0.145673417187703
RORA	0.141739139947186	0.171000289696086	0.0214577501941534	0.0961707065951074	0.305348491289451	0.0799257277932108	0.118327135493808	0.0459489569083626	0.124310186861821
RORC	0.150624942505301	0.176787749846583	0.0314368508733699	0.0953698071039447	0.2904398997686	0.075922571391067	0.13160726057583	0.0777533093804645	0.164510287079161
RUNX1	0.197228217892911	0.171986354403366	0.028984067530569	0.103697797469743	0.246271237413034	0.0519305969572714	0.161505452130719	0.0795134190152804	0.145365896441145
RUNX2	0.129988291272787	0.209471306080132	0.0242327409731058	0.0898642984168082	0.309701589721693	0.0640302559334863	0.10764246608606	0.0389010474235347	0.114390002015324
RUNX3	0.0240463040594934	0.0778419765744531	0.0493399327124888	0.0297392089225244	0.176631514612524	0.0653108194316508	0.0202140372181236	0.0121038844722057	0.0345027347474691
RXRA	0.104153019581222	0.0828620294161659	0.0175073558454425	0.0654883245303786	0.132902575087621	0.0319839182351026	0.0668730557815311	0.037099801122094	0.0609868065639438
RXRB	0.0813067713847815	0.0730565310492243	0.0155414034011234	0.0436103993307076	0.0972040895315125	0.0261037119092686	0.0811247219851344	0.0304816200514432	0.065901241540366
RXRG	0.0418806089444842	0.0465009787633842	0.01298943071403	0.0436808381836413	0.0802078563545446	0.0329166795789665	0.0476828281491902	0.0422075596204914	0.0682835823429703
SETDB1	0.178579651528548	0.160936623758919	0.0238499781835735	0.102058386309847	0.241085729414753	0.0403102018238573	0.141986251443948	0.0647073883744251	0.129124225833008
SF1	0.200869384507704	0.172249062388611	0.0264034649654998	0.0984992643509205	0.244369890635794	0.0430252265494063	0.174492190263409	0.0716490757053372	0.142362489789832
SIN3A	0.177061584054122	0.166343054161655	0.0289245638236078	0.0997054709400472	0.26397329284743	0.0502706845833102	0.162695841103827	0.0807350631151724	0.15431291841997
SIRT6	0.0894186021205403	0.0830401021693765	0.0249535240722303	0.0411720005822624	0.0850353319340872	0.0322855121660809	0.0778010069535753	0.0399537676651178	0.0762098200188367
SMARCA5	0.0589765664379879	0.0601556618970489	0.0144655590288782	0.0453264724841705	0.090635213093132	0.0224569561336776	0.0763627872014881	0.0345386829651697	0.0584765316412028
SMARCC1	0.0700253607645186	0.0405735586968315	0.0101809649113472	0.141433169543433	0.126770582224862	0.00710750910426083	0.0513285413131227	0.0261197624477203	0.0858402192101754
SNAI2	0.0103915371393544	0.0141101666485016	0.00921763071470361	0.0192125551656428	0.131215208272018	0.0484810298878908	0.0569440777074333	0.0368225203805066	0.0585525469885824
SNAI3	0.0905168997461759	0.106469828648237	0.0240722716509872	0.0754758369454723	0.201126833916348	0.0514238378364057	0.0972442631475265	0.0550449483327713	0.0981196549287517
SOX17	0.059739826123229	0.131392711976709	0.0066910248329467	0.0247753552665607	0.0274665061255261	0.00308213371777488	0.0226959574509976	0.00790989021761845	0.0268578529067638
SOX18	0.183013904573583	0.174509031176697	0.0301372572139055	0.119341013595538	0.258099086667988	0.0517059392310062	0.124877942338701	0.0834920982180366	0.161706904633644
SOX4	0.242178604383363	0.145029486638246	0.0206549736819741	0.111089795253046	0.222348883905624	0.0350990957105428	0.159395255561855	0.0761494179649924	0.126626442555258
SOX5	0.114450564813621	0.0889601668952946	0.0210059090987461	0.127970561605103	0.213400497807235	0.0288047092031725	0.0998213104822843	0.0768298700504455	0.144277175179428
SOX6	0.120159190359244	0.125954443592432	0.0201867637100729	0.0932027679694276	0.185595138544105	0.0416749239281762	0.100679882538162	0.074509707150238	0.134271879444623
SOX8	0.0664528473668384	0.0689217533711513	0.0125133134033353	0.0340293058614957	0.0701441767318006	0.015839579184215	0.0606082904290142	0.0294051243565168	0.0452612899083533
SP1	0.194350105399929	0.173720104390548	0.0290904178079052	0.112682998323566	0.244436253733036	0.0471586585454181	0.145239175381063	0.0805695594170652	0.152836348800026
SP2	0.1582164426476	0.182380551107893	0.0349146461627804	0.100628813743447	0.291850074482355	0.0542784194596724	0.132356393065097	0.0673277522396611	0.161567874084629
SP4	0.1440917182324	0.116095667271687	0.0210973130933851	0.0939616771169851	0.228412685182306	0.0562082552317278	0.141847124552616	0.0905576778384684	0.138873927082506
SP6	0.128558256037869	0.134553778463095	0.0221564970819901	0.071554313980275	0.154972810615789	0.0304164424930893	0.109004216485051	0.0497771495465038	0.10949792261413
SPDEF	0.0958982841807929	0.0577871043546566	0.00303258487479763	0.0193289613598208	0.0203560934655173	0.00364740989342971	0.0360846565783794	0.00643248509582905	0.0135017847620187
SPI1	0.172144206635544	0.173492182265389	0.0309275398488286	0.114841342802048	0.27075026451406	0.0520628982855815	0.131509199277531	0.0799807382396843	0.168809605357905
SPIB	0.13969994085756	0.122799461351207	0.0251761485577352	0.146133760899125	0.247656643585486	0.0319543647083467	0.101003654429543	0.056795672312464	0.169606561621045
SREBF1	0.196035495081174	0.170598888106223	0.0274437058883296	0.110868111526049	0.249388443086042	0.0473450029377731	0.15890582913902	0.0807894878686366	0.148474253510162
SREBF2	0.173547346764409	0.159104406504133	0.0288240916535355	0.110007634241423	0.250371483507099	0.0521192816573585	0.166933774855913	0.0982724398161268	0.163283951551239
SRF	0.170380326811052	0.162917683290698	0.0303054596213153	0.105303352795449	0.265621199055425	0.0533201025482708	0.136045066138254	0.0739876243062344	0.154567227973729
STAT1	0.176737472965087	0.176638100251363	0.0318471467110861	0.108746758961471	0.266743393291893	0.0588703165134612	0.140555023186826	0.0823895052546413	0.163201597256561
STAT2	0.170959763296717	0.178127025682439	0.0321874154115276	0.105761761616953	0.265549619316031	0.0591973990811275	0.139982330097169	0.0784038968971938	0.16369733449159
STAT3	0.166687957519517	0.133422487559503	0.0242233255948689	0.1209813528265	0.224128629116968	0.0437412659393084	0.185563059692922	0.109458455332325	0.151808222939647
STAT4	0.122050696572225	0.16627554369613	0.0261545328880322	0.0911484701651659	0.356465991110901	0.0678724581608804	0.1152445813797	0.0332628365866371	0.119508604775324
STAT5A	0.190142119039754	0.171089717703495	0.0290436241846675	0.111737021131422	0.252519494753567	0.0522360750922357	0.151151726536055	0.0848198693787187	0.15938530568886
STAT5B	0.13807973263957	0.131314459282821	0.0248501173843042	0.110174019082442	0.202510509312783	0.0346930040584666	0.121629492092515	0.0665520776811673	0.143887616435563
TAF1	0.192181546236474	0.160775575654449	0.025696411984954	0.118544541102109	0.236505904873974	0.0436479873614576	0.14625124378755	0.0791640390483302	0.138957437954007
TAF7	0.182009367677455	0.17077643508021	0.0287381797861772	0.116760521072763	0.270227312924318	0.0531487638819937	0.144024229092977	0.0811129928995561	0.154319526625307
TAL1	0.143682950387311	0.148253623552285	0.0287516063404066	0.0938809298552286	0.218244487428525	0.0593927995614374	0.109892408539451	0.0865628539262131	0.138936657513403
TBP	0.18527635402357	0.173192046119287	0.0292970840605637	0.0987709447031521	0.251800355264711	0.0583971979997937	0.150283908512934	0.0887536361488167	0.152898450033808
TBPL1	0.0812705404910898	0.107048780086819	0.0320479764604448	0.0567700085684315	0.195973166553006	0.0556189844096725	0.0738561836271406	0.0571454401000951	0.115874008048229
TBX1	0.13056180692676	0.103504263178849	0.0213418951542484	0.0785219099656642	0.159879665641109	0.0352251806679453	0.123576237225977	0.0615947264907467	0.110524741076991
TBX19	0.134431363712549	0.129055549675465	0.0280018732393298	0.107932979670983	0.253259304924411	0.0470301178845193	0.102173958750848	0.0445913109979611	0.115043965056465
TBX21	0.105427987835381	0.117548542014033	0.0363860576461708	0.0836798099628725	0.345900478899854	0.0605715757786585	0.159456758544031	0.0588384047504754	0.144850737218172
TCF12	0.184928646882901	0.167658309484037	0.0283385676178335	0.100051909890587	0.243764852466256	0.0489029270801216	0.167297059419179	0.0898137615525232	0.15422367465061
TCF3	0.121838932730971	0.123843965813407	0.0271974800410497	0.13265641659231	0.242036503656926	0.0396460948245166	0.115786247542488	0.0805206042240947	0.154073523262151
TCF4	0.174810198542512	0.180398789615124	0.0285000695242822	0.0988382992943617	0.237631960438126	0.0411212906290561	0.136984469678621	0.0706472135091448	0.152052852497037
TCF7L2	0.108176172573038	0.0912360085906218	0.0217237727476821	0.0680630791662442	0.122236705033763	0.0349943819626994	0.100405984249503	0.0504033134587651	0.0969270045822712
TCFL5	0.101832061266151	0.0835619253440767	0.0184681195165158	0.0587198331943725	0.127347785034233	0.0387055370586121	0.0941514635950889	0.0494425497759383	0.0773270731464357
TEAD1	0.0620898737522874	0.0865040051651639	0.0079969580711694	0.064270839180566	0.0488795252206269	0.00892161452386764	0.053308974008899	0.0429019136803572	0.0365249840772169
TEAD4	0.151772360077234	0.140922934098371	0.0238119875733711	0.0879072661687111	0.242262419357715	0.0503133487286569	0.146853316311508	0.0792675877243233	0.13888165430511
TEF	0.0737731976126155	0.155692217828493	0.0299438888879511	0.0558625921595827	0.179353369486748	0.0327079833214469	0.0823600506583628	0.0369006206965887	0.0898880100074793
TFAP4	0.0342686645946152	0.0221947669083494	0.00370478292397103	0.0114437361244429	0.0142561903835117	0.00121045507741524	0.0123706391796267	0.0044161762424153	0.00869899009412756
TFCP2L1	0.164101041112903	0.145683757226864	0.0261489066064272	0.0920108852561951	0.211554816435214	0.0479972351824356	0.137088992941931	0.076076320100207	0.136493094259188
TFDP1	0.186108414824115	0.183843249304225	0.0307859682137911	0.1087673783968	0.255935971031801	0.0522635862309276	0.135476226920395	0.0847305719443582	0.163336494349772
TFE3	0.15527568954292	0.149600846326299	0.0283990911842052	0.0828623545068307	0.212629590828933	0.0474296809062612	0.149572712064459	0.0728978843163277	0.144959282405811
TFF3	0.179981969633254	0.175844380145238	0.0301338589951602	0.108029115357099	0.265476819820995	0.0554676414915782	0.131419885745945	0.0816377934281379	0.152859224771598
TGIF1	0.152844188060805	0.143030289705247	0.02945505531175	0.12054250887243	0.273102677741099	0.0526627061466645	0.152182940056503	0.0952099415853052	0.174777048939524
TGIF2	0.170134010692082	0.143527938042734	0.0277816469535153	0.109061348541684	0.26647377560541	0.0553673354456372	0.164200985824044	0.0792574773508739	0.168423572847031
THAP1	0.162613857974971	0.164444988030401	0.0293972921621711	0.110620729930197	0.258880124736721	0.052646623732325	0.126776075625063	0.0840105313522568	0.165678972112904
THRA	0.0363867870669473	0.0278012119383904	0.00687589782129838	0.0147605561768698	0.0250799197449355	0.00800555251471413	0.0222950930600405	0.0105069164281673	0.0202998966188697
TP53	0.148705250561217	0.149155754624287	0.0244982539442803	0.0777421717926464	0.150395647687004	0.0407636367673131	0.081050492006163	0.070388496967151	0.0980273845576017
TPI1	0.178536375879703	0.181310717175953	0.0322627712761198	0.0997671404101589	0.257893320866663	0.0626271926552612	0.129930759054273	0.0881298858570683	0.163914074935308
TRIM28	0.0582733894145653	0.0746413163563341	0.020923524995579	0.042289098923849	0.0833495761053512	0.0290411891562359	0.0637884834088404	0.0398119566125065	0.0617724484431729
TRPS1	0.0649945464234145	0.0857582827566502	0.0255454876158933	0.08093428221054	0.126750227722066	0.0491618393360016	0.099312841630405	0.133467970650881	0.151009718580986
UBTF	0.194226434156057	0.179557035230899	0.030079213295556	0.108934710952961	0.24246558001802	0.0510187585838625	0.150470139519731	0.0880135316348855	0.154768653360313
USF1	0.192466916311692	0.19196960889307	0.0305438552558747	0.094459880199966	0.238520130959596	0.0547899595269776	0.146284415206859	0.0847799920423196	0.149899077644646
USF2	0.184325133569429	0.199634032550032	0.0312446902402828	0.101859900097416	0.248180888151052	0.0512224042356927	0.13670667831138	0.0852355750448002	0.152195707627943
VDR	0.06845173329214	0.0660622985392521	0.0129295052105048	0.0308997888737045	0.0840439428504492	0.0624394728568082	0.0539001165787755	0.047289975731971	0.0938648775852378
VEZF1	0.140139810672603	0.130535823356274	0.0251643431433247	0.115149967821607	0.218990569894002	0.0348648670146838	0.116753650703889	0.0780526334646742	0.145866434139866
XBP1	0.173437203975138	0.174610725533694	0.0306325433981166	0.10782565061128	0.275312823345779	0.0546478440755194	0.147575213267299	0.0820278198253093	0.155781394418045
YBX1	0.18568911128542	0.177478378639357	0.0292355106796444	0.112272503047399	0.261138140945993	0.0530714819298239	0.144171235112384	0.083959122394443	0.157419384220904
YOD1	0.128766393303536	0.0996197212710449	0.0178458391932187	0.136636573648611	0.234116628026196	0.0235806761428127	0.100727464531479	0.0439275426141722	0.130545922997283
YY1	0.190586439435997	0.180937580412185	0.0296393182655509	0.109602607015033	0.250458227254189	0.0509229020728664	0.145868967178718	0.0875986895301994	0.158980661374779
YY2	0.166063857725405	0.147580307081273	0.0267150553180016	0.0992970289622609	0.216423955732669	0.0433792401782358	0.132517222951695	0.0800085005898217	0.146611602432259
ZBTB11	0.0469069323703942	0.061739748627494	0.0295438872212382	0.0204958910317792	0.045264722497609	0.0110768549150667	0.0392082865697093	0.00634568088070597	0.0211764871549531
ZBTB26	0.123274903621654	0.0720470535324401	0.0133799440596427	0.072253350953589	0.105273256863996	0.020756388190356	0.130911083938033	0.100370446617502	0.0963830230266578
ZBTB33	0.0575008695465652	0.0835125497319377	0.0226110887048202	0.0641663444903925	0.132417298153751	0.0380498065253064	0.0626653334986517	0.0493792922942305	0.118616311519428
ZBTB7A	0.179624490294705	0.190161822799592	0.0311521962480953	0.105794368741112	0.259798377950293	0.0520314690167807	0.143696331619275	0.0787142107449627	0.153402965843823
ZBTB7B	0.181047704401596	0.170081634001411	0.0317714919875087	0.101220631099595	0.252803956776647	0.0628967631177078	0.143838195653844	0.0884356097135073	0.159654002811899
ZEB1	0.186378208483982	0.167236299971673	0.028044421215313	0.108741536213498	0.253735016739166	0.0491407690745297	0.160455283264013	0.0799483356771123	0.157774140008177
ZFP14	0.208622927122448	0.190526370587478	0.0255689590001554	0.103693277789415	0.19214381937455	0.0403408127768505	0.114648561454242	0.0687075886633836	0.117307875053725
ZHX1	0.116295872651909	0.109621651450733	0.0248188398681151	0.0647421939266998	0.148089044340762	0.0461336977295441	0.105824570716069	0.0573121039646953	0.0877215198242004
ZNF101	0.00708807981984083	0.00518367497259831	0.000820686828168604	0.00239062861151196	0.000574473010474308	0.000735311749638701	0.00209972221998256	0.00640387972926737	0.00177725502874559
ZNF136	0.126779818998697	0.0976402391796404	0.0184680989930626	0.11069516012211	0.188044439751178	0.0212030529223675	0.111434168441601	0.042838319122843	0.106171505573653
ZNF143	0.196526429273526	0.190287746597578	0.0317185244132424	0.102814655946296	0.235200948560701	0.0525849407540316	0.123293550437207	0.0678219095020665	0.136391386956524
ZNF16	0.0832926963374411	0.0917496092640965	0.0209422965421034	0.055723788213392	0.150066464357449	0.0343848769722214	0.0726977148540828	0.0529401426761645	0.0958791651666879
ZNF175	0.0267637209082769	0.0317846907862021	0.0206619384116989	0.0375217992583947	0.0302907079917986	0.0183751430971671	0.022647531929769	0.0602025282959132	0.1520221199326
ZNF224	0.107507239062808	0.144695282180569	0.0302929839580678	0.0747946681968065	0.236829566270642	0.0514063613352473	0.10840534012181	0.0449733580862621	0.104339596452272
ZNF250	0.172682024530378	0.160784585826767	0.0286519882539987	0.115123341351357	0.273044845525647	0.0503143174394945	0.151978375404034	0.0756699099754728	0.149959389120302
ZNF263	0.134412342443329	0.104110650221836	0.0189705710857757	0.126541468898735	0.214191630252713	0.0293941393983292	0.102918436079362	0.0531443734243748	0.130619709975756
ZNF274	0.190831218238478	0.184565722790279	0.0274505124780712	0.111220426997551	0.238784698813896	0.044523401193867	0.136527819786852	0.0722025011310959	0.140649349039573
ZNF362	0.100347771377979	0.117088352499531	0.0297705724613866	0.0641358675357471	0.178068823087724	0.046490246004015	0.0961233102778627	0.0585199303934507	0.104045530811687
ZNF384	0.186364701583342	0.177726414841005	0.0285306016206872	0.109175579494443	0.239760355494126	0.0469376371424881	0.147076709806391	0.0875193478536772	0.149828827807842
ZNF397	0.123481835347756	0.0876601626308814	0.0131593916055656	0.0824097254973526	0.101677517578188	0.0124412241342948	0.0688728096170335	0.0284283593771977	0.0754224619531831
ZNF433	0.114800655815862	0.100703657257509	0.0173041371778978	0.0755581614272903	0.125647731005294	0.0223510588942616	0.0832930412498996	0.0419577583886006	0.0790781989531978
ZNF467	0.164440323950157	0.130179008978244	0.0243826470518042	0.0845378353939896	0.199065198022686	0.047777006006953	0.128947389953752	0.0734233329287927	0.135228272410836
ZNF48	0.10646253185044	0.108362763223401	0.0223449808030588	0.0530502161111712	0.115370545622893	0.0284263578287105	0.107737586658123	0.0518082639575296	0.104958142767035
ZNF486	0.057617052952926	0.0519458719665028	0.0122586379200682	0.0460812341421343	0.0518230242543213	0.0206649961382569	0.0329858275375011	0.0304941766626239	0.0456238736532858
ZNF502	0.0656965441019618	0.071773556997802	0.0147775737113972	0.0457369200179198	0.0812059144941736	0.0208843114138656	0.0518093344610724	0.03412158982489	0.0575604274357298
ZNF513	0.155615144538122	0.144738692605437	0.0387424129152411	0.108015929413383	0.238630848100649	0.0476602080828201	0.132907435809448	0.089655416968367	0.156741302768733
ZNF564	0.0509717553301237	0.0680484569835338	0.026210608884333	0.0410693799135701	0.0628482138411715	0.0314698808867766	0.0492118489630687	0.0421626578259037	0.0829803781392693
ZNF573	0.0977035444577143	0.0770394640408866	0.0164465377093824	0.127308974170885	0.18066214463806	0.0125676840616867	0.0782264308974057	0.0383749620259206	0.121946234967776
ZNF579	0.124084541326419	0.140364422920494	0.0187647242409186	0.0570596933741143	0.105959735047204	0.025946510365597	0.0806089626843556	0.0483801403928782	0.0778716703036151
ZNF597	0.0888900234470866	0.114822620763367	0.0259393285150157	0.074494710889235	0.167865935019829	0.035343085656982	0.0917626819778812	0.0594371953362198	0.120256223021276
ZNF607	0.0813563673448594	0.0865176407817907	0.0180988457267232	0.0466927018009413	0.0982092558195227	0.0307542939342144	0.0737036582796102	0.0379755946162684	0.0641387511060811
ZNF71	0.129074019306546	0.086480001987679	0.0160766468565309	0.153964373069396	0.217961380268953	0.0135178726467989	0.0854695625142842	0.0384882384551879	0.126270625294607
ZNF740	0.0497712898045966	0.0535150624912574	0.0181429907203432	0.0434345499036469	0.168124162057343	0.0465352973379484	0.06177433547815	0.0464936162589114	0.0716845033485808
ZNF76	0.182255940030568	0.173491888743675	0.0307810064224224	0.105290640512711	0.265629877894947	0.0511189150455801	0.150055956948855	0.0713597928887978	0.146086684572595
ZNF808	0.0848577828142616	0.0971416598026889	0.0211559835300345	0.0482922660117779	0.114413104151648	0.0359668524319496	0.072328477799034	0.0308666336299326	0.0717371683204643
ZNF84	0.00902601955685145	0.00810194557755139	0.00259486003624743	0.0148028424123892	0.0122442270676352	0.00335558726620322	0.00496064235929372	0.00717773144148881	0.0136657687867733
ZNF841	0.123717472996142	0.0960095468388046	0.0158329662683762	0.0676528048584643	0.160332921969729	0.0517241863220382	0.109218300909669	0.0339247759748267	0.0518162804240102
ZNF846	0.0471766517141103	0.0351460128719174	0.0109912608611872	0.032302532320838	0.0363944631449749	0.01295039695597	0.0425593373472453	0.0219061633892945	0.0240349606387794
ZNF853	0.0811777741633561	0.0866421925494274	0.0231628811969503	0.0441042953318692	0.0944775148849818	0.0248528143797391	0.0819142998270894	0.0369104067747543	0.0618091274215452
ZNF91	0.202018906604174	0.173684302870933	0.027820293920277	0.113252783776701	0.230809696767459	0.0491792138878446	0.147220360534578	0.0833878359849232	0.14477524190466
ZSCAN31	0.161903211102166	0.127118934458829	0.0218170190787986	0.108544689508794	0.204880738353399	0.031396447645319	0.12882323971273	0.0614185298275306	0.12719384285502
