CD8+ Tn	CD8+ Tcm	CD8+ Teff	CD8+ Tem	CD8+ Trm	CD8+ IEL	CD8+ Tc17	CD8+ MAIT	CD8+ activated T
AHCTF1	0.157585541374898	0.0894377185226813	0.0973613719192864	0.17843630104053	0.254518134967534	0.18501755312359	0.0439529634985995	0.0650270598723854	0.101712790244211
ARID3A	0.100561341991514	0.0472957947056815	0.076692051262834	0.134008333881732	0.167891933135764	0.159088013808281	0.0342614489878357	0.0497086714618963	0.0686561196017804
ARNT	0.11861051835484	0.064347181984008	0.0709378765834529	0.148550472043481	0.217151773377153	0.166885232126835	0.041430923753103	0.0518768341846466	0.0933563811224337
ARNTL	0.121829728329099	0.0675775781582308	0.0830280728260666	0.171690724562617	0.276880949038867	0.193169932428248	0.0732451342354542	0.0719679144493041	0.0684065415741191
ATF1	0.149741915530471	0.0779620867524015	0.107654196130657	0.18978185186807	0.236935088290644	0.209522349926096	0.0485855004307465	0.0608977208196444	0.0975705502611465
ATF2	0.131739321111713	0.0675353021073443	0.0825860535537404	0.166798930857479	0.275465296884383	0.163886276085663	0.0546085371101696	0.0688303332760642	0.0893113090193987
ATF3	0.140174172877278	0.0746468293911144	0.0866166755775433	0.197150837488422	0.278611917877595	0.207916171792114	0.0519098751508685	0.0660373065854347	0.092050958208426
ATF4	0.149244915149443	0.0730584622557675	0.0834791826920055	0.19296062347717	0.284314026716485	0.205974701704288	0.0490614651703409	0.0631613523295823	0.0888011472866034
ATF5	0.121776492362108	0.0719727124629627	0.0806993624225164	0.163463033794406	0.237365698746756	0.133123214360309	0.0617666477943035	0.0825587693838959	0.0883168705255498
ATF6	0.121794445613763	0.051840070353919	0.0645377335068307	0.162949613121436	0.215833129874304	0.20309758872222	0.0457010368631394	0.0419767024019752	0.0815735821399475
ATF6B	0.137484790636604	0.0614727857568392	0.078761433501999	0.140118413727845	0.19272767124352	0.236328667307934	0.0503207463778916	0.0470516323805026	0.0800094296221447
ATF7	0.081200652869021	0.0409465677573551	0.0520438863616086	0.0900311680282335	0.114640526520522	0.0913454974042082	0.0248338752791798	0.0347546687107554	0.0471125497913172
BACH1	0.107440181718513	0.0620083157203923	0.0711821413337832	0.19479042898443	0.28699895648425	0.194341892386773	0.0609877770450822	0.0569380175964375	0.102143961593063
BACH2	0.170891394419902	0.0831752928582957	0.0908999303957398	0.19043952881895	0.256186468592489	0.201493245382343	0.0462925249309305	0.0645062670836031	0.100408221473605
BATF	0.130064351798544	0.0736101265722837	0.0925848921629608	0.207064775107676	0.267031978693974	0.213738848110029	0.0601198499370911	0.0640906879094226	0.0862302996531554
BATF3	0.148130513194967	0.0751183179482322	0.0952325216025446	0.186388599120955	0.250723618107242	0.197830672377505	0.0535271588059305	0.063967994911357	0.0809395035218805
BCL11A	0.049613117212945	0.0181941609150779	0.0252823157782688	0.0351202079450584	0.0282876273521921	0.0533353552204026	0.00915752207811815	0.0605892976894019	0.0782760006365782
BCL3	0.125849161838364	0.0770595609755256	0.0836885845484908	0.20208139701189	0.272468284057473	0.196020017419865	0.050380812454606	0.0722392465521847	0.103671273810672
BCL6	0.10383991265015	0.0384056840919709	0.0565708449998638	0.133512846007109	0.187243248569751	0.0788026940372772	0.0220864130764175	0.0352539121635043	0.0606784221139646
BCLAF1	0.155032612046385	0.07924696419979	0.0906932138274054	0.191626342083625	0.267233459611492	0.206429644774164	0.0477543473381085	0.0634309858333656	0.0988330751442227
BDP1	0.155018230451746	0.0821366201056024	0.0967120214003114	0.189460863472266	0.25537202593258	0.208724892219351	0.0484451316736123	0.0635828165527172	0.0995146679619522
BHLHE40	0.14645830173013	0.0777800576278999	0.0935648498879568	0.196980872689471	0.267730846727045	0.208064363545543	0.0520608251523113	0.066791204738554	0.0934613838942687
BHLHE41	0.115990080871816	0.0569389829530337	0.0822500229219584	0.15268886137478	0.208561394999468	0.168008089087254	0.0324399369257778	0.044266407740261	0.0784458013931544
BPTF	0.13868580115076	0.0805882918123674	0.0938418365266142	0.174146402292705	0.210611615400975	0.211000522612155	0.0460506095300002	0.0606939653415561	0.0986085834929404
BRCA1	0.149096063170561	0.0723891593543224	0.092057370010921	0.187977940941619	0.254419405140446	0.214979431869766	0.0495404571339724	0.0630191252340284	0.0919938383509152
BRF1	0.155782709193981	0.072635623235641	0.0920840743924027	0.184450587058727	0.261763530605295	0.190429056971979	0.0417283111907343	0.0604590427420356	0.0983406197142999
BRF2	0.115776942668651	0.0466739817149937	0.0693285876345195	0.147693241508983	0.195330370766426	0.111015590658671	0.0261035946425955	0.0463141620752449	0.0710502767849343
CD59	0.159304680768301	0.0834248656648006	0.0931253465302949	0.189843340668993	0.247902679595494	0.196737819339022	0.0632006771119568	0.0718349775259877	0.0870947056099159
CDX1	0.113517425566238	0.0573079818802074	0.077802211529462	0.144403913708348	0.202644200465709	0.172108791841372	0.0318146879334471	0.0485344178514194	0.0572584734711417
CDX2	0.0173910880892908	0.00346339013693719	0.00494496681657719	0.0140924506482719	0.0173040475140402	0.0458816315316551	0.0122562394546772	0.00332171007262727	0.00755139534824023
CEBPA	0.122434007138071	0.0584481516731282	0.0834292247184417	0.174391934309533	0.230304977415371	0.133294593839378	0.0385837305790009	0.0457240336498188	0.0740820137645469
CEBPB	0.150372659108389	0.0818843554242529	0.0903300411600526	0.190548766878766	0.27532740433451	0.20576224475988	0.0448465535404721	0.06422961796296	0.0926661088796121
CEBPD	0.128437181698146	0.0735822324227343	0.0921244870453571	0.195178314594895	0.271089012781639	0.217181146196908	0.0535362214944575	0.0694595832990721	0.0933027036210122
CEBPG	0.057685088835709	0.0316269001091767	0.0520489923784675	0.0960252259949317	0.142016377808408	0.103935652298385	0.0247893112769155	0.0332366924437245	0.0604358402752246
CEBPZ	0.153090568523242	0.0790833331687698	0.0894499020785614	0.189942550449818	0.263396191689978	0.215094304490311	0.0495607424664091	0.0641351133390176	0.0952922359674202
CHD2	0.157927414299655	0.0800041814975266	0.0875502004506763	0.190727293312771	0.26735738411716	0.201624885230063	0.0468414000094456	0.0630214777205298	0.102918014000355
CNOT3	0.107038699916185	0.0606459275073883	0.0967531288050404	0.125270490077594	0.155428560131336	0.145532794130178	0.0334087799834532	0.0436073832366867	0.0681837902357555
CNOT6	0.0494590747933091	0.0442047543461519	0.0865055011006429	0.0636215298120202	0.0661375350808671	0.0381015418619798	0.0276011611088313	0.0334676459386396	0.0343763991776053
CREB1	0.164569669136817	0.0815290859165045	0.10618225600771	0.192716945109771	0.231562850639893	0.206724270017644	0.0459516623106273	0.0625805826149513	0.0983745178472548
CREB3	0.126763277975906	0.079742874261476	0.122137019430512	0.164836365317656	0.204673206055525	0.168807569465687	0.0473410633247001	0.0661459201694581	0.0860324977697586
CREB3L2	0.138605086965101	0.0703213598263902	0.0865605374535834	0.1858994520746	0.262475870483376	0.222361645012151	0.0527426638723993	0.0630597359574502	0.0920970358091384
CREB5	0.160746536491769	0.0765548034283623	0.0777411383164667	0.210905332963115	0.263745037756412	0.16151566189369	0.0401078487741849	0.0563478149508548	0.083704066997908
CREM	0.14987704954542	0.0771275007098451	0.090264665080998	0.196205715309275	0.266170112251554	0.211011239096099	0.0508169187527181	0.0647364014190623	0.0953499401784937
CTCF	0.162947545077645	0.0884528594634052	0.10311262510016	0.181874868243062	0.247022199055014	0.208134762230556	0.0437649631210957	0.0625991153829233	0.0966848041438042
CTNNB1	0.0504635349539797	0.027854606128938	0.0299210898647625	0.054027408872502	0.0694571897287403	0.0950409706820181	0.0335165829390047	0.0258039107993949	0.0394042010401192
CUX1	0.17855144825909	0.0850542126934449	0.0834694109972043	0.166224534688845	0.223635246313504	0.16956857067781	0.03639924466537	0.0557384768922263	0.125425615902495
DBP	0.147934026362171	0.0831281635741339	0.0922424785950934	0.186296594567897	0.274159633360882	0.190360540711589	0.0436767678450809	0.0647795910838502	0.0940443002979235
E2F1	0.152505630456063	0.0757603344752789	0.0970978993215993	0.191589802849222	0.255183977471008	0.224134092168026	0.0484839925820054	0.0616286435051667	0.0916313768414686
E2F2	0.15743746694681	0.0799588624631717	0.101471523676857	0.182111597777974	0.239269322226649	0.215647525688791	0.0466030627655367	0.0628236057695459	0.0954485915090593
E2F3	0.128208716352512	0.0675411101329449	0.0636443203777655	0.230833677249258	0.271851667429049	0.125635639693139	0.0194485249136511	0.054172762768445	0.0866923257853645
E2F4	0.150721688619672	0.0818062970263864	0.109977649471732	0.188634805586228	0.244529912768341	0.221584084856545	0.0480079428465622	0.0644901803847899	0.0902953546347876
E2F5	0.0894932288567108	0.0638141772049733	0.0662343954124636	0.0939292948333896	0.167764752415053	0.195820520909211	0.029910697309447	0.0376346156864183	0.0659725170051628
E2F6	0.144305586106168	0.077229836952446	0.100680341691304	0.201554950107965	0.246823824723639	0.219763125499465	0.0515929050239338	0.0653070483655687	0.0888657607753182
E2F7	0.134084166323662	0.0743025388477536	0.0964958716267544	0.184691980780752	0.254966057446559	0.223153692793431	0.051383971244261	0.0564274730149711	0.0916313763117756
E4F1	0.106043955448308	0.0516518062024449	0.0999742175939508	0.223835606664935	0.249823720052987	0.184613685876387	0.0436377475929012	0.0537123743906651	0.0886023204564497
EGR1	0.132387081898934	0.0734175936264516	0.0739141162644534	0.19445036064411	0.299727234075741	0.187832091488566	0.0455802423324971	0.06669701135976	0.0940550761460811
EGR2	0.103865004555763	0.0628616463098037	0.0661307105421743	0.198342320216675	0.307730597699031	0.180059882488825	0.0595905025880445	0.0657289672407555	0.093833328935528
EGR3	0.104527995443408	0.0520509291616239	0.0446178492469128	0.183852694725723	0.30924173532147	0.15123953081642	0.0463558765296793	0.0604934109854374	0.103752913175768
EGR4	0.120085606695648	0.0601022306326748	0.0698002384758022	0.187145633720245	0.314151140366172	0.148021823397089	0.0379329968406497	0.0626186277740153	0.0888160345542715
ELF1	0.151343065636277	0.0775204191471297	0.0902641409436001	0.19491092559372	0.266898778547735	0.211205693669983	0.0493180219453123	0.0636776542923095	0.0964219488716356
ELF2	0.164293312429239	0.0860944504721144	0.0970121154356128	0.186143428905346	0.247832848054863	0.205499569192788	0.0460752919223477	0.0643412755791714	0.103059249184049
ELF4	0.136655323591501	0.07522036472897	0.100957673090904	0.186501214574488	0.247146321380037	0.224196835833703	0.0493941670568835	0.0612953680955927	0.0957053551156106
ELK1	0.139497117292896	0.0764717886494903	0.101055647180226	0.198251501236995	0.239713381310673	0.221875144169578	0.057151110104719	0.0656774566419042	0.0927922670645457
ELK3	0.145102912738888	0.0814873725498684	0.0931002808775064	0.156962406475884	0.253320578952367	0.211189226103263	0.0691135526967565	0.0800244977425292	0.0742463349625827
ELK4	0.159515338510882	0.0771611497868193	0.0909544739925208	0.187906072588805	0.248389959917237	0.220388268472695	0.0490858593958567	0.0596852887527841	0.0957350106907118
EOMES	0.107459393278951	0.071769771137753	0.116686887045629	0.269853129222142	0.22669240604297	0.183617831132434	0.0448278563340061	0.0732369083827824	0.0867545376825393
EP300	0.135056764671192	0.078345226752035	0.0950525301731011	0.191021054701691	0.24232575728695	0.211171588082062	0.0507589704327712	0.0616035127740522	0.100312812878442
ERF	0.0933799437617161	0.0495094604639726	0.0513724529291668	0.0898270416430441	0.121889062407686	0.106052875021531	0.026307356546211	0.0413683791484419	0.0617591629133235
ESR2	0.0531085598181762	0.031695114319133	0.0510716688183074	0.102993566353026	0.119656715967874	0.149025928075438	0.0460560513346187	0.0225998931317914	0.0275985327261842
ESRRA	0.149989981198273	0.0742241034827663	0.0913812643775893	0.18455456112692	0.25292869564657	0.237301220589449	0.0498787313534123	0.0583569093906385	0.0858341161799435
ETS1	0.162303602007175	0.0820169532456063	0.0942562387507617	0.190767505981061	0.257310615352485	0.211839505478252	0.0468842297854595	0.0638272373937401	0.0953226467523925
ETS2	0.14815096671296	0.0744409395510793	0.100004557170365	0.190833418871156	0.250136779418214	0.197272087452407	0.0443229997373623	0.058994320903422	0.0881993733849844
ETV1	0.10825658092097	0.0727219369582368	0.0688280500445655	0.295764945357807	0.18990025649156	0.143674418924835	0.0485533608739647	0.0656935385177922	0.0715849199815065
ETV2	0.124593475741246	0.0589752683841305	0.0645101374471764	0.145652040447236	0.2257125737899	0.141824147828091	0.0286848760156798	0.0446815012259772	0.0780422596800445
ETV3	0.143040906399697	0.0762077876571654	0.0817590154297997	0.189137482318832	0.287782282300262	0.184752790536138	0.0467541489151014	0.0656346879064561	0.0998881960535002
ETV5	0.0942399696966989	0.0617500566338706	0.0622391598893635	0.0964801904111084	0.160296603163581	0.146739459728681	0.0347211491703319	0.0399193730522693	0.0582741404593873
ETV6	0.149363246504929	0.0905535493861986	0.104922071802351	0.188579687287447	0.232212310694376	0.186995044254238	0.0427497573676304	0.0619224965769875	0.0915762812186259
ETV7	0.142389578324528	0.0748237953619408	0.0951101895675595	0.192741476732683	0.260682375736709	0.211340445324316	0.0638783848445117	0.0682021482979059	0.0896931657541304
FLI1	0.164780693198079	0.0864659023310139	0.102200101319492	0.185845254960363	0.244961955482604	0.213579221725356	0.0465372502099739	0.0668222870171153	0.0980631558532932
FOS	0.151132841153495	0.0791522337899101	0.0876984125506438	0.194249255565779	0.274922341053739	0.202007444201247	0.0478035222156808	0.0656510646015424	0.0959767296465796
FOSB	0.143323378146797	0.0759074370077498	0.0860342986910867	0.196422788852746	0.27820616780774	0.204017108831634	0.0502226041709508	0.0653256474144065	0.0959422809905418
FOSL1	0.12187820662065	0.063611473183759	0.0763723567726381	0.205357713334732	0.301499640344324	0.181383485070452	0.0483293851046845	0.0676066400138303	0.089837042672918
FOSL2	0.136207180384596	0.0714873805041578	0.0857222042570926	0.198595727862919	0.274041794404109	0.209169124592596	0.0502705348823729	0.0636568618025685	0.101578357627471
FOXA3	0.0436247813725804	0.0298426989556133	0.046131182843697	0.0770886860062872	0.0901752505484011	0.0780668397317301	0.0272018027472063	0.0317034149914631	0.0793015381533212
FOXD1	0.102792274911045	0.0483360485684462	0.0568725738920258	0.11804991004626	0.152685875448209	0.0982006826435281	0.0214198931824082	0.0318962752358425	0.0581692215043199
FOXF1	0.00869950670648845	0.00505012388086079	0.00944764952029731	0.0203691175619765	0.0252432108569164	0.0184609584014316	0.00578657493307289	0.00798226929661772	0.00911389305576238
FOXJ2	0.081225578551517	0.0375394538370045	0.0844157450711419	0.126590607896999	0.134109042456487	0.117494986662425	0.0482653379035103	0.0404952728126761	0.0616596638895508
FOXJ3	0.076115822784714	0.0395339784279252	0.052541560181954	0.0830074014343538	0.0944452194143931	0.0926099547744464	0.0268572530528922	0.036724823966553	0.0538203394978676
FOXK1	0.160792950854581	0.0770792296878468	0.0789225748193308	0.162022730016312	0.258224000722922	0.209136682236334	0.0442715430040753	0.0576362813923549	0.0809683001070142
FOXK2	0.166706516041001	0.0705982392521175	0.105273998069708	0.136053216375011	0.176377093700486	0.145087896396176	0.0366083067749113	0.0584454378893935	0.0815225264548725
FOXN3	0.119707134577831	0.0574572801942843	0.0624416863004856	0.0920113727111954	0.127793809865135	0.135599826627846	0.0460412068078214	0.041330463785577	0.0571674784525937
FOXO1	0.173275790325622	0.100727577245925	0.0819288582770753	0.161146824425628	0.230490296724275	0.165232156647435	0.0341268576838334	0.0558109361914834	0.101187863255995
FOXO3	0.151170727697911	0.0832364357370166	0.0946140728656614	0.159423593826541	0.254526412662218	0.198775828775517	0.0400477086054345	0.0644215887847209	0.0847323987052602
FOXP1	0.200023779084727	0.0865502617065733	0.0830817162804777	0.176420209805556	0.248114166748381	0.195850725378365	0.045135296389452	0.0576216423652393	0.0960879024567218
FOXP2	0.129847140126542	0.06578853666381	0.0717413199852479	0.125368173262291	0.168948983508434	0.14754673998927	0.0295066196249363	0.05018682866173	0.0723325808908751
FOXP3	0.15880887884354	0.0861654841373553	0.067912762525879	0.159637719723388	0.216838574036839	0.143476698556422	0.0636277293178479	0.0654678432838205	0.0878495403720025
FOXP4	0.126105585167988	0.0732825108905651	0.0963842508995275	0.205591848419221	0.229634737194734	0.17163534924156	0.0440578304960563	0.0588856755729811	0.0948029460371125
GABPA	0.113290705583936	0.0645411052319058	0.0901959864314235	0.184512463132672	0.258034194315985	0.171454918898932	0.0448887334709666	0.0639350541906334	0.0846582500545182
GABPB1	0.155758347988869	0.0750141382492578	0.086910941504723	0.189319706202756	0.268113120305086	0.220587268534751	0.0501975939913633	0.0622505477822793	0.0869166232857737
GATA1	0.135978601248164	0.0717131035879917	0.0984928934172788	0.167573386348701	0.222125415475003	0.175965428529919	0.0356033838746503	0.0494317283217542	0.0889269965595385
GATA2	0.131366332365483	0.0722545589744245	0.0951064238249589	0.194782102114305	0.264139542360418	0.212734031432745	0.0501228358114465	0.0645157466332749	0.0928025164185287
GATA3	0.124439193173431	0.0822027687000383	0.078072673022297	0.190054286028754	0.301679175084942	0.190646544126895	0.0462497206835673	0.0605647378703414	0.0918777150176724
GATA6	0.158437273007727	0.080869945976746	0.0956514188185432	0.174464158484382	0.238558421666956	0.169511579439113	0.0374142735182715	0.0597810843714592	0.103391597585657
GFI1	0.050773785670151	0.0466279791743975	0.0790330066204298	0.076414261112366	0.106498877421415	0.19183294930255	0.04331862765396	0.0325206816036405	0.0660186437204289
GLIS3	0.0813320963947896	0.0515024467740739	0.0822145708241288	0.107897411753889	0.0940633455841968	0.0673532792664304	0.0189010447498561	0.0414999973528752	0.063050257479689
GMEB2	0.160980159909014	0.0797246598224054	0.0959892809661257	0.182291733877355	0.241939825683993	0.201067074483621	0.0470305345000267	0.0656609724004102	0.0997483381296728
GSC	0.0738994229825174	0.0447250304519066	0.0623324122135448	0.082044405595302	0.0891869284002822	0.0755946003764727	0.0178070327246462	0.033543408679477	0.0565999782423158
GTF2B	0.135344205258284	0.0720646848079417	0.0765852636191779	0.200522156273959	0.294649055799844	0.18732699440089	0.0493398953081454	0.0651712201788077	0.096845479846608
GTF2I	0.0919944485010471	0.0571670315480263	0.0756178778531931	0.107447436343506	0.131381984992467	0.120595733565215	0.0301013531253573	0.0423019305240545	0.060841380946252
GTF3C2	0.193549085017247	0.108128219356715	0.0550261102642735	0.116884935713301	0.209775141882923	0.140090492243397	0.0564581326196308	0.0859130274320534	0.0907062463501614
HDAC2	0.171381844901879	0.0819085180311889	0.0967605249919006	0.185875092332947	0.243907934634539	0.217717597437306	0.0474907038738127	0.063735495367521	0.0961117422985608
HES1	0.119712015475388	0.0384917435582234	0.0654249861456107	0.155067237116658	0.220590563448635	0.114410865802063	0.0186744257796911	0.028667993096022	0.0494858555989687
HES6	0.0139274335980247	0.0132700487161291	0.0348631236139614	0.0223680117528946	0.027477478118286	0.0939093845442818	0.0180532376589722	0.0434426415862937	0.0518767331750475
HES7	0.15633686854391	0.0780961037020695	0.0819022897726112	0.190923718251904	0.264813276122012	0.195717888659844	0.0466816632874444	0.0641294614334547	0.0834849993674157
HEY2	0.0932863545075945	0.0548352852541552	0.064344543857757	0.154242734126926	0.208306690568654	0.119386584372202	0.0337643527348956	0.0446450909960584	0.069298992825779
HIC1	0.145754832487213	0.0762900221088608	0.092450709945077	0.185956424310187	0.256308408040122	0.233241666711985	0.0499708380891324	0.0617514888452193	0.0963015707985813
HIVEP1	0.127702487668415	0.0781492413292967	0.0859221120476515	0.214264651530939	0.251730509652108	0.152830280077028	0.0510158600323806	0.066188088985581	0.0948616927100527
HLF	0.0933340057714629	0.0607967686203085	0.0786665067886166	0.152544060960213	0.25900463959633	0.181921955750316	0.067278562390593	0.0719609479694971	0.0607498643595047
HMGA1	0.168593507130176	0.0839016111658769	0.0936884853907793	0.178452081971636	0.236422461933597	0.220729587307124	0.0499815055651872	0.0652057489740833	0.0950713443993793
HNF4A	0.112128485392308	0.0537212750504789	0.0709968069989684	0.149634238045807	0.202141349595435	0.176262143792028	0.0352769648733077	0.0456773909391865	0.105988384185036
HNF4G	0.0286250982384216	0.0256495548019313	0.123146758619264	0.0827762587038586	0.0529387343529345	0.0593680324476364	0.0143841319369395	0.0277707434427665	0.0380156132608511
HOXA10	0.0606889248301467	0.0417485721519621	0.0348613335921982	0.056565872741565	0.0748931358621936	0.0633698101055019	0.0240363117954706	0.0349862175415436	0.0638083655250974
HOXA7	0.0655535078965634	0.040937977473805	0.0338408315325956	0.0604376583591553	0.112066062745546	0.0583115922310079	0.0133736413148356	0.0324838781757864	0.0685024851397977
HOXA9	0.0493680922372749	0.0336895543300441	0.0468619387849838	0.0572293951966001	0.0486548797981621	0.0316166784070916	0.022748921155168	0.0298399861718233	0.0347548195019539
HOXB13	0.125706843326992	0.0677130899329296	0.0578100797272777	0.113999875980952	0.144935829820303	0.112011172023954	0.0354719200025604	0.0375990168639331	0.076983718546486
HOXB2	0.115365129301407	0.0560661844657911	0.0855786943521939	0.152410279882153	0.215935924783305	0.133329695060451	0.0343538571666406	0.0504536640038378	0.0638159577742919
HSF1	0.153695358292116	0.0840376906185353	0.0978771851893379	0.184006538083699	0.238369800020943	0.220801773552646	0.0507615761532629	0.0662803444473975	0.0979377747050663
HSF2	0.107471400854866	0.0341140449376302	0.0570443043578488	0.150694813187531	0.206913257876049	0.0755512573561558	0.0151446100527093	0.0250485372884218	0.0480056768344886
IKZF1	0.172465619370055	0.09097443340445	0.0901854292953255	0.141240718762466	0.211855100026031	0.186695453243802	0.0367531174346881	0.0590327723475639	0.0826017625763948
IRF1	0.148041234425576	0.0788150489572255	0.0948068643574486	0.196742693613553	0.264366218947457	0.208794138783107	0.0502100144159955	0.0658463326364591	0.0955919524782177
IRF2	0.144226516608794	0.0764100956085647	0.0979401391351001	0.19701610184105	0.244444205558574	0.231430368342552	0.0521631481845612	0.0640103670762492	0.094798408428709
IRF3	0.148179417675847	0.0774264745232534	0.0981049787204591	0.196525900719942	0.247269489871433	0.227662272997559	0.0504964006163444	0.0634984561147054	0.0914167845726448
IRF4	0.119252137528049	0.066708217416805	0.0877614352540558	0.203727194518636	0.276931319269662	0.217072288277877	0.0569653147439996	0.0632510424073371	0.0936793651241132
IRF5	0.141682228109021	0.0765299954924054	0.0718572905128697	0.165974588463525	0.233788715666815	0.1618378176883	0.0492599358225065	0.0529762374304065	0.0993857180770304
IRF6	0.0897364599676027	0.0630563133354771	0.070423712971904	0.113860353117866	0.185478120883442	0.170717355313534	0.0419711661411056	0.0474049125840311	0.083651521558108
IRF7	0.140933867531449	0.0752387050192574	0.0955709193505861	0.206496580841334	0.256344532292737	0.210570388445842	0.0499462618829015	0.0662288020413159	0.0988672642429289
IRF8	0.11628383665012	0.0704297543758386	0.0942378537241274	0.196359910321694	0.266977199581503	0.226507604217675	0.0539873473563937	0.0670722266699857	0.0954585323733923
IRF9	0.146657079552761	0.0792225135713867	0.099737674318599	0.197347432696581	0.246394391626803	0.220213905819156	0.0528029664197153	0.0655173260035367	0.0973980156421702
JAZF1	0.0759546427305857	0.0630468910607374	0.155373013760319	0.18298275691413	0.139221162624549	0.144133037556857	0.0250254052559182	0.074812207526656	0.0735974368691328
JUN	0.149245053860463	0.0776944200522325	0.0870277298266084	0.194372872845776	0.27508887571576	0.204863291842987	0.0496124872641414	0.0653116307835439	0.0949469294090134
JUNB	0.155051783725198	0.0819877113398834	0.0868447604799935	0.191791235624783	0.27248653222946	0.200527095420453	0.0467227731543889	0.0656455626416518	0.0979509396150022
JUND	0.154343020053498	0.0782170488949963	0.0876221334016355	0.192451874374381	0.272516400105505	0.209661272432297	0.048183812768169	0.063613326853461	0.0921151149249163
KDM4B	0.00631499392653778	0.00736742498045795	0.00853550709365802	0.00568608259147907	0.00669410366512369	0.001957030055871	0	0.00266781071094957	0.00634438068866894
KDM5A	0.15640862881464	0.0811703885584757	0.0969467212460128	0.190885603872579	0.250670828732056	0.215037953601884	0.0481204113128449	0.0625353015896958	0.100378946842316
KLF10	0.110135262420843	0.0609230208249825	0.0651268407884374	0.19511071994478	0.307881115315548	0.176088491076991	0.0521999864192391	0.0711546997657588	0.0959734219822328
KLF11	0.0955945253290308	0.0655285392640554	0.0798920741028581	0.167093135807272	0.215681249690001	0.161293522955564	0.0412881985882112	0.0620550879174582	0.0791310081482854
KLF12	0.0417564707606026	0.0396220239802334	0.0444477854105122	0.0641851295532042	0.069597744975299	0.0553922170745408	0.015867787347597	0.0291464217080165	0.0435898035284999
KLF13	0.149748034119388	0.082975473885692	0.107407755055678	0.180896186579093	0.245193109373069	0.222725233501096	0.0468391200402297	0.0601800154793485	0.0911680070275863
KLF16	0.126456635327208	0.0665745009044905	0.0648380350680321	0.164834371348492	0.25724119913526	0.176455694901196	0.0395827948833392	0.050460393659186	0.0845990163804825
KLF2	0.168728495415225	0.0924186829252696	0.0998380116439462	0.190539548855666	0.250710612560054	0.196419694011657	0.0440919051767433	0.0667626348722358	0.0981320542278572
KLF3	0.167720505342266	0.0892605427307754	0.101554996263862	0.193616125848821	0.251029002265777	0.194847564963215	0.0440228371935752	0.0664178064446045	0.0991558626659527
KLF4	0.154055676634605	0.0776474305606284	0.0850258095991887	0.196630297293286	0.273289419590534	0.19420280735286	0.043950017649793	0.0651653451500472	0.0980587178459505
KLF5	0.150809431038604	0.0789096772565335	0.0935136762378528	0.191021050310115	0.251187429731215	0.208814114567201	0.0452218021543932	0.0640396423549531	0.0998646725104747
KLF6	0.113121828529682	0.0700342264443437	0.0714843453338795	0.185215217277622	0.324358638683414	0.172850389086871	0.0501576858660696	0.06683956606951	0.0880345102921686
KLF8	0.0723744618608596	0.0885441733348394	0.0405060593772809	0.112062214012384	0.125443238644698	0.0784442088444656	0.0149229017167444	0.0384191130084035	0.0401815279432798
KLF9	0.150112108278675	0.061540868417048	0.072374024821833	0.165292176744758	0.249135151553223	0.14451026675517	0.0318368725762858	0.0503406599990339	0.0729712856389565
LBX2	0.0161351662814182	0.0105144885412471	0.0124351474762251	0.0183340027823311	0.0150347264478106	0.0378020110784569	0.00561979570232296	0.00966901659350028	0.013744856360536
MAF	0.134820842814788	0.0733342310793986	0.0846220090838907	0.18850709250347	0.249652642370293	0.196654309862476	0.070966253530898	0.0754290203036423	0.0786959908898311
MAFA	0.0872622290238003	0.0549609457231486	0.0783144804520131	0.170573602104285	0.207397496010891	0.171507165098139	0.0420543794492266	0.0554272327864108	0.0737622574416509
MAFB	0.116459170553628	0.0701823206790066	0.0864534115755514	0.190704674303544	0.263193769291816	0.175610230906388	0.0440143302026643	0.0631066122030739	0.0820974010508094
MAFF	0.13780373239564	0.0739825747232816	0.0749914655747228	0.199982588396618	0.29371053165311	0.186082528055346	0.0435923087429593	0.0656499259183734	0.0990949804856462
MAFG	0.0908935926087449	0.0517308555208249	0.059141161298972	0.0940220670054376	0.117528923705578	0.0946939743681925	0.026348505070845	0.0398281419567308	0.0653062844136343
MAX	0.173530521782806	0.0867070159232889	0.0962507263653368	0.190157535025481	0.249079135850672	0.202748548895762	0.0459289334409108	0.0666126145386363	0.0972600618327072
MAZ	0.157329404277289	0.0837607171717206	0.10676994957593	0.197574533637907	0.235642461116337	0.216734203785375	0.0464370851325984	0.0654870426016715	0.0965213543914811
MECP2	0.100092243966485	0.0689124174171001	0.084206294243345	0.158340399521528	0.206164927355705	0.169522543745174	0.0487541947047802	0.0580166661878279	0.0657843457057669
MEF2A	0.0361581040319493	0.0270199576772285	0.0197929968501186	0.0359699459445436	0.0386467169289755	0.0314603065066362	0.0115173825173939	0.0177596511259923	0.03468296031297
MEF2D	0.122250115388461	0.0722516614701157	0.0975111478072408	0.186309505447921	0.243163878766459	0.196068121179388	0.0433582005310186	0.057078355069889	0.100584884270753
MEIS1	0.00323169881475827	0.00333705987114319	0.00238269892660559	0.00356389179482575	0.0044755115433085	0.00312121777357344	0.000842200371590218	0.00185234887084673	0.00235393180353505
MEIS2	0.102177439813452	0.0530659662998568	0.0680818734909601	0.0967062781941002	0.132547999288252	0.110204599508806	0.0270344538042114	0.0388054787374282	0.0515155070350872
MGA	0.134739735506689	0.0641360977677032	0.0848157181762441	0.170623263616462	0.231776569080359	0.140025205700988	0.0324858473398031	0.048612423026194	0.0879437099789697
MLX	0.1112254932203	0.0570561348856548	0.0718804871947905	0.120538784195689	0.156714242846535	0.131376321490923	0.0344101710125724	0.0459551367139517	0.0759703919385343
MNT	0.148751167759017	0.0879006311399722	0.10176656585729	0.153364618318319	0.184643734883723	0.141093462087355	0.0336719787596775	0.0651017909159779	0.0878684067936095
MXI1	0.160983553573734	0.0935557926516469	0.100663988575249	0.187590545641865	0.253655456631973	0.196228253005236	0.0445342575811478	0.0661353899758172	0.0940077819427424
MYB	0.170712011245486	0.088489521603109	0.0850233726232287	0.18385870210279	0.26713168324894	0.184419462378856	0.040501915113873	0.0629098827018802	0.0948744397816061
MYBL1	0.135003451958815	0.0844849196661767	0.0967904049957669	0.178536932788961	0.26646811939639	0.212105387028157	0.0478489666543533	0.0691455821352556	0.0946884901696518
MYBL2	0.0307221977177309	0.032979656487467	0.0151832402571259	0.0278184086602068	0.0252042764152404	0.0155515805815584	0.00684629896198596	0.0185975780038838	0.028222340818799
MYC	0.152216849086948	0.0770584727157361	0.0883164145645716	0.192071250273569	0.272889197173356	0.20789906723448	0.0500684313109833	0.0666418741937653	0.091948730744106
MYPOP	0.0534446426156492	0.0462759569420813	0.0460146563307635	0.0554684806322497	0.070579965000906	0.057311196629025	0.0141575225516855	0.0299240793811631	0.0284484343940362
NFATC1	0.102112677801859	0.0593270278498182	0.0543523124543099	0.202528077076695	0.189826366579174	0.127171272667677	0.0451969142881096	0.0536737105714679	0.112120713166896
NFATC2	0.033822659326511	0.0459073662161134	0.0856822757727315	0.201677942094356	0.105225788530995	0.0676138723756005	0.0206156419844814	0.0499084886111559	0.050609785705627
NFE2	0.130830871509824	0.0659618923873537	0.109545104886544	0.16777008034526	0.206949692693484	0.155362786112161	0.0352055122286852	0.0543534751109789	0.0796878846649168
NFE2L1	0.0238066315848038	0.0127847558107442	0.0185628645663996	0.0261952812269066	0.0295884441430491	0.0279849715233841	0.0102429721939179	0.0102695563707796	0.0149916174906561
NFE2L2	0.14228188617552	0.0733445893088923	0.0831339600250738	0.200089982462012	0.276668713838871	0.200288864523405	0.049057868336699	0.0643733545935319	0.101489180327462
NFE2L3	0.0961120600456469	0.0500712263628829	0.0757127969776248	0.135235296434652	0.168580414680537	0.129525175326565	0.0544304186377713	0.0539116799789945	0.055231320069524
NFIC	0.0681607722468306	0.0391061386160492	0.0377750492815067	0.0589174557652977	0.0814772215659783	0.0598316427518296	0.0168405156709257	0.0256369464249737	0.0389133928141341
NFIL3	0.111701014307331	0.0619345057613506	0.0942605813857678	0.181157074550501	0.257527023669614	0.234769842456057	0.052986692137734	0.0612671375786599	0.0928933168682556
NFKB1	0.14208317633599	0.0778028629521499	0.0843008608136251	0.196468342685241	0.281708431500965	0.189110668095881	0.0488813044935774	0.0685976453758067	0.101664184420093
NFKB2	0.13587422910256	0.0747877805128777	0.0831411237976849	0.202747599170146	0.281524799741948	0.193477681202165	0.0526418613987537	0.0678214787333685	0.0976680015542379
NFYA	0.132223433972107	0.0652563616223127	0.0938795768189868	0.201241217217959	0.260798373647701	0.201627446976589	0.0459322621862228	0.0576501371534541	0.0865600997393766
NFYB	0.112805638277254	0.0753483717117338	0.106514062036395	0.159693049212576	0.208515041825763	0.192469601158103	0.0384353200826054	0.0481682075151576	0.0617467192900857
NFYC	0.140236720327244	0.0710197928335066	0.0979672238141766	0.198482218639117	0.24417720742423	0.203732878905742	0.0510615940813164	0.0622556699642379	0.0924858771878512
NR1D1	0.126751866635469	0.0818589224629974	0.0853642703442576	0.162808363355466	0.288320216163665	0.20034058248417	0.0691210580547638	0.0835594148491225	0.0826981656565487
NR1I2	0.012839791950783	0.0126528107757594	0.00939762373136788	0.0122937261879836	0.0181383609438064	0.010698242538339	0.00401552143461892	0.00478099624551753	0.00992198812021727
NR1I3	0.0690069437075413	0.0329007541530894	0.0399902362788919	0.0740111592923843	0.0934303583272053	0.0876915692507383	0.0220909303434872	0.0268090733842685	0.0487504379972591
NR2C1	0.0762226976159253	0.0700810935000702	0.0519692596860684	0.322181979596466	0.150587665257786	0.0939836628908295	0.0249741785302692	0.0846420496469327	0.0631868308748547
NR2C2	0.158027366399342	0.0810070183321913	0.0996372101029909	0.187806579148667	0.23557138016298	0.201681160176267	0.0449687220897709	0.064413706078994	0.107724798870251
NR2F6	0.168430412773518	0.0820337446470384	0.0904219809498722	0.148857599602683	0.187991703445924	0.134827069576638	0.0250390170681717	0.0486806638044365	0.0859476784414457
NR3C1	0.1506708090608	0.0786111198739088	0.0921875710141835	0.192065366165055	0.262036625734866	0.216163708116109	0.0506709122290337	0.0636711398970613	0.096770776654192
NRF1	0.155962861063641	0.0761122520589178	0.0892934177494649	0.183306153134754	0.24260022458708	0.18015609959344	0.0412557401129503	0.0564048880186701	0.0980404379841877
OVOL1	0.0548108073033372	0.0374880145249616	0.0546169679818271	0.070230723846228	0.102655374964467	0.0948047838817987	0.0298480200536865	0.038015334111938	0.0416462825090108
PATZ1	0.150323328883387	0.0834550408555621	0.0946485619357984	0.159763457500477	0.210834097245755	0.188788861456282	0.040772263660879	0.0636459821258584	0.10766142348376
PAX5	0.0938677680503927	0.0529329838375747	0.0746415918638886	0.114605580467611	0.135137191061033	0.123506976044179	0.0451227827018926	0.0539117073564249	0.0650934931767649
PBX3	0.107252135730659	0.0745040680768159	0.0773372896926495	0.12377083231274	0.148355844785099	0.167340198253834	0.0335837633589608	0.0444927215029624	0.0645115836812042
PHF8	0.132303561375748	0.0773057229208698	0.0917795435984669	0.157335068007208	0.199582019301787	0.20036640746794	0.0440516422178567	0.0561936178107234	0.1004352330381
POLE3	0.154581248203804	0.0706896794063596	0.0960567080806157	0.184125720041794	0.256092635349979	0.207989848661372	0.0484316605033961	0.0626880152741879	0.0872609736429029
POLR2A	0.145673073125745	0.0769799636074199	0.0902125130233256	0.199687027545879	0.270599235432581	0.197076630286342	0.0480764978072211	0.0647791036312328	0.10290755566312
POLR3G	0.0891910519875141	0.0536350450399088	0.0665885715956558	0.112756328351563	0.123849505230531	0.119770229878878	0.0379893508969906	0.0466296501886462	0.0667414027015552
POU2AF1	0.140574485045532	0.0754796184586592	0.0838068246554087	0.189323410449127	0.226437665493603	0.184890163208708	0.0545706295719521	0.0555874235648218	0.094005215153108
POU2F2	0.0201855574022719	0.00752479462470301	0.0180471509909294	0.00487490333466312	0.00492661296615793	0.0121353215273514	0.00554962184012309	0.00500641202869745	0.0119080153335875
POU2F3	0.119580866832089	0.0676755323884362	0.0877295546561021	0.152922033322614	0.192603545257595	0.165087474205899	0.0372304634918134	0.0527676794195925	0.0902250696842276
POU3F1	0.0869034806506005	0.0417490325300891	0.0369105677629027	0.0832330533097185	0.118828427391775	0.112858693325443	0.0307162560422595	0.0289339658555421	0.0311401848310627
PRDM16	0.140316152806853	0.0670464606745207	0.0706805259358735	0.149885059929103	0.201900707254983	0.178925766397603	0.0452840468351368	0.0587256289972281	0.108936989079203
PTPMT1	0.0278194074533845	0.0386058418899383	0.028051626419074	0.0190852109173887	0.0267412517773672	0.0304688987225877	0.0107924268177513	0.0208332148526057	0.0215623097319767
RAD21	0.159088455826531	0.0832820070991837	0.0989024693302224	0.192478002823484	0.249653408826544	0.210575127469773	0.0476138020484238	0.0642632157990844	0.101291755982798
RARG	0.115766175464849	0.0447172527782251	0.0522876028023298	0.0708269512681589	0.0931699892307939	0.113614522955302	0.0283218265772943	0.0686623807131312	0.0839133420436552
RBBP5	0.155469227331737	0.0802990105783471	0.0880841208301821	0.183218852543937	0.244967131065481	0.212385765477879	0.0485001269401447	0.0589344718446382	0.0934728272560919
RBPJ	0.0236968590591213	0.0574059596266411	0.0617362134514114	0.107998831513497	0.137638119637012	0.0655133548502116	0.0817071043748234	0.068859863316216	0.0310658780099119
REL	0.113652089748962	0.060238481120938	0.0665633623683504	0.207099666892794	0.300462105102754	0.18613256918969	0.0504590458475813	0.0586240296140191	0.101915895070083
RELA	0.147851752642122	0.0749960017556039	0.0964954744606051	0.198487208195337	0.250948075336584	0.218503146460788	0.0498655831687399	0.0651122124794604	0.0990358905900809
RELB	0.124402108106798	0.0718356355635672	0.0786828736470251	0.205744376797243	0.28484782447119	0.185880291773258	0.053738823065088	0.0712011544527383	0.101389568789317
REST	0.160073011512185	0.0848008066236127	0.102394469360083	0.186212523983439	0.24416073574455	0.217693066591106	0.0468036985179281	0.063854086640122	0.100066697484541
RFX1	0.0726912582261718	0.0371360871692819	0.0536209084620595	0.124388134534339	0.201174440093387	0.105225655534536	0.0364952709409395	0.0491099873412701	0.0541828156842828
RFX3	0.0834327537185227	0.0409398481718986	0.0428971955498535	0.100234106568813	0.131287663839892	0.137315202549191	0.0380581869399829	0.0320111557357436	0.0677817643674701
RFX5	0.146123512415254	0.0791673748465216	0.102773529455485	0.18474830966136	0.254270741468517	0.194439086556344	0.0508334804172166	0.0590536152161665	0.0868967419394522
RFX7	0.121447989385616	0.0608380512276919	0.0726097614795943	0.137926764756236	0.188750095678381	0.111758833379484	0.0236160773710881	0.044119072433311	0.0607178319226491
RORA	0.121670542199387	0.0770471574172603	0.0765031845613774	0.168353895618177	0.302347470686118	0.187562056900656	0.0728257264405893	0.0820867089631115	0.075272560135229
RORC	0.12914405746257	0.0795547425557734	0.084686700768291	0.166915422842086	0.28164241014792	0.201309490317969	0.0740966639969258	0.0917711406593154	0.0808785043995439
RREB1	0.159104412573027	0.0766228957421997	0.0836084897275348	0.174812769165064	0.256164016010933	0.194218414628536	0.0420311010551747	0.0592262186677333	0.102115270678232
RUNX1	0.14253524434839	0.0785624353659342	0.118437220541033	0.194336677434635	0.235360712151122	0.18756240397212	0.0552810327437857	0.0676081164978042	0.0825984918367054
RUNX2	0.143956457028012	0.0900543215847772	0.062046605924726	0.118092242452368	0.279763871487151	0.173222837693232	0.0664453267749795	0.0930018069159732	0.0722590976002745
RUNX3	0.085934769455185	0.0519278820082042	0.077110339200429	0.183677891828981	0.257051711764308	0.265247844703188	0.0590352377931683	0.0563930863951072	0.073009825778718
RXRA	0.125759939056592	0.0692717217534123	0.0911768503126419	0.186482136568287	0.258044092524874	0.189810204309077	0.0523930653216657	0.0684913906218044	0.0920424917826796
RXRB	0.141193757153822	0.0765089954009792	0.101494661583289	0.142386248546968	0.175968851680972	0.171809131059792	0.0406716975825789	0.0675697213945353	0.0877173463740586
SETDB1	0.152579389726155	0.0845429237891228	0.107023759450093	0.175292675726682	0.232109213213117	0.20382779303841	0.0430862264565836	0.0600619727585219	0.0951274539088408
SF1	0.178638461529643	0.0928594393205731	0.0900546289740897	0.182917902330884	0.253804455967957	0.18343045508964	0.0416426406484971	0.0618718732687046	0.102890304237337
SIN3A	0.158834414793555	0.0823490720932403	0.0962134889304637	0.193769395961797	0.251559089737216	0.195489997777826	0.0433431703732837	0.06315404042813	0.10373716954855
SIRT6	0.133804624052791	0.0604874772224544	0.0660627735973391	0.135740398082498	0.220106715583196	0.179183570931768	0.0553472935472634	0.0544754978112407	0.0692990542283707
SIX3	0.109306819851675	0.0550319167418422	0.07318480665359	0.161526604819228	0.184574444333039	0.157834888865745	0.0397812349867083	0.0558579954238377	0.0735878580262325
SIX4	0.00623557637051142	0.00609797648586974	0.0104555341363142	0.0180892548449987	0.022613602999233	0.0481689235702372	0.00853941912981115	0.00755403036824842	0.0145598959476891
SMAD1	0.0156891808301474	0.00582068032558314	0.00365775958422232	0.026480529008455	0.0145289784761938	0.0194834344129244	0.0262719576412135	0.00549358902108965	0.0182346454451441
SMARCA5	0.0195465151845947	0.0108961787165032	0.00940666854858185	0.0152413657464842	0.0201862422356635	0.0205712232751045	0.0108151078328776	0.0123552062897526	0.0153826642881425
SNAI2	0.0856579974710486	0.0345187477445775	0.0899363351029564	0.0539178042894423	0.106896552606724	0.132497261402432	0.0487093531667719	0.0538881961131595	0.0490885268495327
SOX4	0.175065162412767	0.0841626711645862	0.0912914358688994	0.18605823879563	0.248528607139163	0.205637295788722	0.0456900304447344	0.0628211209335361	0.104016334495121
SOX5	0.144450408818327	0.0581170098603874	0.0816553044350672	0.161818872128462	0.214210517252608	0.136225435924256	0.0340355413190297	0.0455350368772163	0.0690182140013856
SOX6	0.106029862345166	0.0691603035733623	0.0494534490770573	0.116640332469107	0.152063079398684	0.101861406322771	0.0250159148946374	0.0458717504987224	0.0827271722633905
SOX7	0.0845230016246467	0.0469764309324942	0.0588120039275347	0.0978391673669812	0.139544121242983	0.120420188787083	0.0336382494621453	0.0401504316408955	0.0663010234083691
SP1	0.142969764448565	0.0677573278104495	0.100136534803847	0.218659964502095	0.212409736267162	0.142478466261628	0.0346547231651867	0.0542109530554999	0.0665167019879009
SP2	0.149650837899259	0.080487042397171	0.100303242715648	0.190874415741881	0.248203740008289	0.197480777499342	0.0456085591988392	0.061706105024487	0.104093343533434
SP3	0.1698998227193	0.0823040589918698	0.0907915977257524	0.172095892355734	0.235983338765594	0.183949337423784	0.0374859685789393	0.0579311888326344	0.104293223293016
SP4	0.124055254187459	0.0751917541123843	0.098478540632134	0.183964068618942	0.234323779242369	0.198838016799095	0.0468626904171282	0.0635988823223332	0.092434892036514
SP6	0.110753157562006	0.0606707999996554	0.0580755551544384	0.187989374679719	0.309745706549498	0.15914290211649	0.0412582551730379	0.0597814482154159	0.07946106372833
SPDEF	0.0720800251451131	0.0430868790401535	0.0599380827475982	0.0869057058258487	0.130186741983468	0.142190666269569	0.031446615633131	0.0489999529145989	0.0649895968003033
SPI1	0.15735448875277	0.0780183543720245	0.10663483802448	0.209372870891257	0.237880416356489	0.189074522266175	0.0418157289480143	0.06173839546425	0.0900682453625393
SPIB	0.150478864796111	0.0576404958163944	0.0747937866299331	0.152583736020536	0.196944691346448	0.153405628721359	0.0283264015031881	0.0434200666262607	0.114598152570665
SREBF1	0.18293363744153	0.0851759883569144	0.0926980550292149	0.183333661824185	0.24870392645455	0.194932616567095	0.0451797498861529	0.0661358208070266	0.0939367305014848
SREBF2	0.150757853836437	0.0792770443525603	0.0932364408196612	0.193528657434942	0.259420133580931	0.201222774396562	0.0526916664076923	0.0687555906234781	0.100928829883976
SRF	0.134683436681941	0.0746183361024362	0.118070146613559	0.186199183695433	0.229815495633528	0.202859973442339	0.0461593191721159	0.0629964485015042	0.0977956657203649
STAT1	0.150598656299718	0.0798594206445545	0.0973564858027184	0.194508098293697	0.250633915969225	0.22105367464586	0.0521032129101192	0.0648406707497822	0.0941879039077415
STAT2	0.138990571599215	0.0759055203311612	0.0972150953479511	0.202289344825021	0.245883790832093	0.209639863320704	0.0526641423312122	0.0642908905802707	0.0937224200728098
STAT3	0.154028522078756	0.0763196913347858	0.0868516311179731	0.187844908021374	0.241017942185892	0.199736773525729	0.051165014646409	0.0582852837328504	0.11051580280042
STAT4	0.0168441629585478	0.0165438402186583	0.0243177923452471	0.0514537763695826	0.0656962915131879	0.0386299946901165	0.0187450437883445	0.0275891599669914	0.0204191841286482
STAT5A	0.154661765410188	0.0775599053456389	0.0909516660264559	0.187881337808781	0.241794595332076	0.221028796478592	0.0476812402307912	0.0627857043274056	0.100690688989776
TAF1	0.150502415456559	0.0775165604394374	0.0943998762413047	0.188843443264375	0.24871231338033	0.214413297406911	0.0490779169150715	0.0618198164275088	0.103779636431908
TAF7	0.157594123602231	0.0770997029380678	0.0899036513947205	0.19047130521118	0.265032216671629	0.217406870755166	0.0484739483176753	0.062455162968812	0.090566069029158
TAL1	0.0810329247822793	0.0372823831579686	0.0714156859204164	0.166518395580227	0.231612296634383	0.135361526769634	0.0468535642688257	0.0512720841327776	0.0702035782192323
TBP	0.0160746622048589	0.0130208221393472	0.0138222097734529	0.0153686533023096	0.0162936106544247	0.0209372147317204	0.00797312007533879	0.0080081586394225	0.0162405820981946
TBX1	0.0470616833306914	0.0240564539186432	0.0526420445392938	0.0911295237395144	0.121776853776423	0.270879608289953	0.0339803744925549	0.0269858077513955	0.0489226438954724
TBX21	0.0786184578173534	0.0677511385275515	0.186749109020354	0.248209293255473	0.195855671533407	0.18260849676775	0.0363958350864274	0.0765730273233437	0.086229120141747
TCF3	0.0739246807835612	0.0380799551456084	0.0369888098555092	0.0603560291594057	0.0748936154103205	0.0670545000473994	0.0197436833981565	0.0280028398957287	0.0421499583504034
TCF4	0.0160755602925392	0.00368010254801421	0.00928766061640163	0.00998475006521504	0.0189950920356886	0.0125626043668225	0.00478209763543125	0.00461035933093301	0.0128897262813631
TCF7L2	0.0973311180035856	0.0393998050693845	0.0523111172990127	0.112904222912646	0.147768571459462	0.148405277336477	0.0227397091037098	0.0361434259055234	0.0617515534536327
TCFL5	0.152810719570877	0.0830094714886338	0.0895115412328785	0.132508006793992	0.17719642366698	0.181089222097461	0.0366587148006844	0.0596675030364147	0.0862193041868999
TEAD4	0.127807297198558	0.0479362872176895	0.064172767040191	0.187450451140465	0.26613538981648	0.0912696143387689	0.0393313899919452	0.0448443010574768	0.0879815778988272
TEF	0.0894838707465845	0.046733314165195	0.0544556426451397	0.0859305682833476	0.106368362682974	0.0971047957119133	0.0270356396212097	0.0306504102152562	0.0608847298881731
TFAP2A	0.094436730560812	0.0616058662700392	0.0436068464680861	0.101389018162708	0.12733020865132	0.0785048545358545	0.0223032134685966	0.0454524448087946	0.0632004546257811
TFAP4	0.196608063488558	0.103120121270848	0.0617789877186932	0.114709639040105	0.145077679957244	0.10782573305269	0.0281443487346523	0.0572927183330769	0.1073789819683
TFCP2L1	0.027540943427438	0.0212558070320014	0.0226408959588104	0.0298289830542551	0.0384372588082802	0.0296901274784549	0.0107318533603153	0.0190056656859545	0.0252317822880875
TFDP1	0.155308744219438	0.0783962469831538	0.0970358687597128	0.191260721047288	0.249069599649167	0.22426812354432	0.0485758670548513	0.0610024661466275	0.0951610757852321
TFE3	0.138143828190221	0.0764763671868796	0.0923125058771297	0.189947345309826	0.256335174161621	0.192167515878267	0.0517063567786765	0.0700141746081294	0.0926656125749036
TFEB	0.103708195614933	0.0623222857343849	0.119268962604778	0.127742875909363	0.14940642676734	0.13234941968832	0.0307265956721325	0.0459497095160718	0.0796069177833045
TFF3	0.11483218074655	0.0556777621620472	0.0709146277008487	0.122685830244967	0.156329169291703	0.192763952545947	0.0350738457242324	0.0495146007290471	0.0746095862626421
TGIF1	0.141738247430674	0.0804934042833471	0.0826567300173652	0.19788077766124	0.280095907127227	0.190303946911479	0.0464971627941037	0.0620318545365651	0.0878523187280128
TGIF2	0.143487230716144	0.0699093272247001	0.0744932339027623	0.19839772270314	0.275841923528688	0.190583378932576	0.0487269189017269	0.0627801251671584	0.105868347660279
THAP1	0.160528668018303	0.0799446946447351	0.0998153996036302	0.187013387110852	0.238699476019941	0.21099619114485	0.0506211157949926	0.0639365733091476	0.0914532080661922
TP73	0.060550725786953	0.045369317761014	0.0315218885647941	0.138078580901361	0.22274643486583	0.098175001252707	0.032022683678971	0.0423604922587615	0.0511059652524887
TRPS1	0.0328445672319446	0.0256776305623737	0.0232026547444142	0.0455825418734628	0.036997514254878	0.0404976999291056	0.0222637233603136	0.0132043678692988	0.0261833944544887
UBE2K	0.0883045606349944	0.0561371296867182	0.0639371092127194	0.109651550345374	0.141240266409003	0.12268225206327	0.032791184049186	0.0421498285307716	0.0715879957833457
UBTF	0.161933939249175	0.0833914425379623	0.100452359695093	0.185858192108025	0.236443637497095	0.222932741405706	0.0479431780349493	0.0630383329535658	0.103212151217263
UQCRB	0.167659524953524	0.0823758934181054	0.0921045620510662	0.18585669125652	0.257911188219083	0.214947811444995	0.0468919003049834	0.0651692940603568	0.0845673764006435
USF1	0.134450499043824	0.0838426536215042	0.0953307621898798	0.183067531072873	0.248792361777733	0.199602870690475	0.0533253968707632	0.0666129514945268	0.103265291968042
USF2	0.157854662541643	0.0956770741901202	0.113193719869108	0.186007090632476	0.239771098577472	0.202510871346372	0.0429066212834364	0.0675431079567294	0.0917408430686067
VDR	0.0671867625293701	0.0500351516796301	0.0613284608581389	0.150108124717266	0.190643297310939	0.137887075543324	0.0717439296171495	0.0737829455714075	0.0640119085319322
XBP1	0.150119675220742	0.0821233396877582	0.0971392690039075	0.196992686671172	0.265746866860055	0.20130083861486	0.0463973887362359	0.0677261490407349	0.0939855930208559
YBX1	0.160846397489362	0.0796297385302736	0.0945265246485122	0.188034713716928	0.255665807871646	0.21927270039511	0.047928120888879	0.0631553454716103	0.0948195346205801
YY1	0.15819976577834	0.0859978378123585	0.101768539828761	0.186250139960681	0.247818423494905	0.217852392937646	0.0459269351089456	0.0638697829888715	0.0967982980355131
ZBTB3	0.0542169949070013	0.035970630963634	0.05526881050657	0.0644710745185505	0.0675280781555959	0.0694775593135259	0.0241483691205914	0.0282419301346514	0.0397878867046345
ZBTB33	0.131884600906902	0.0670624790554091	0.0759972710432881	0.133069143037826	0.187675578116792	0.162473382890544	0.041999917225588	0.0457949575718003	0.0908785650032484
ZBTB7A	0.151887113495578	0.0853507840667765	0.102740704447357	0.186324147925943	0.246590535379256	0.220703830994677	0.0468880227500135	0.0636240592296456	0.0991643253028259
ZBTB7B	0.158231942030268	0.0778987219162566	0.0884849942706477	0.185468252426257	0.251708337485492	0.206145515822489	0.0458960898863738	0.0582059422183356	0.0951166357939082
ZEB1	0.141758450698864	0.054302022685095	0.0618072016643593	0.137054713353581	0.187341266945415	0.151507474959242	0.0245749099153221	0.0454069335642213	0.117335250114495
ZFHX3	0.0590299123018685	0.0371975543318627	0.058321383054414	0.124701356702858	0.273618051245729	0.188088453312894	0.0703541122490013	0.0551788638446354	0.0363873127639915
ZFY	0.00281636410116237	0.00416789006299956	0.00756784699148272	0.00802104463602793	0.00836539376535406	0.0156098202870238	0.00302942070160417	0.00290138134164719	0.0110488624295062
ZKSCAN7	0.0696462067145718	0.0421723521842687	0.0405917153638938	0.0626740746974592	0.0622149013576271	0.0570412455357066	0.015803914378439	0.0304706240108247	0.0360088902122969
ZNF121	0.137703353971711	0.0635193863249651	0.085567245882066	0.188824993397784	0.200650888213283	0.173648667579163	0.042858151853013	0.0587246025413156	0.0818595294036307
ZNF131	0.102195562200447	0.0420987260149636	0.0620763596295614	0.119804557097049	0.168038641067871	0.0874827328901239	0.0217906091563337	0.03716591207479	0.0589500699443544
ZNF135	0.0942411189795772	0.0536727885541849	0.0684137794707087	0.089097234821311	0.118070786648029	0.132536185537172	0.0356919350840889	0.0432598159174357	0.0700883367880299
ZNF136	0.114186917063531	0.051733078295388	0.0725889425373822	0.164871645257902	0.200279638197503	0.122918756726145	0.0253414882420609	0.0360299838815568	0.0585467225173358
ZNF141	0.0638219115194525	0.0293110622393159	0.0280029704227792	0.0546550197575387	0.0802363828097117	0.0775716510499914	0.0223988288388133	0.0218036558449479	0.0897299070351523
ZNF143	0.162894443385728	0.076398150411779	0.0920297552863412	0.186043388978444	0.249960061511669	0.216628306911895	0.0511857878121799	0.061191231724389	0.0904406591516893
ZNF165	0.0568960373283651	0.056076589274065	0.0105406318410319	0.0810317684594989	0.235849468762422	0.0716846825830144	0.0539577514324151	0.0967120563290104	0.0512896109782913
ZNF22	0.0717291476502436	0.0340266803576205	0.0452937538503918	0.0439923604690315	0.0510786947598145	0.045099580798714	0.0109944351477933	0.0341706642743675	0.0359719947307819
ZNF222	0.089222216166237	0.0543245084836159	0.0554936735771597	0.106610153241881	0.150925108125276	0.108117508003307	0.0314665533596995	0.041821679832109	0.0628532509362998
ZNF226	0.0770895303051352	0.0372928249070035	0.0434879947168123	0.0896194823001746	0.10889508238535	0.0830739533435857	0.0242457273731433	0.0301590743423308	0.0440050103650613
ZNF236	0.0547681948070597	0.037264097844052	0.0369428883397332	0.043613339607628	0.0494630085570001	0.0473761649087996	0.0179438910460576	0.0233096004093115	0.0400215580152414
ZNF248	0.0198699851086843	0.0186982131750074	0.0173414530002534	0.0225794923153572	0.0235652590484496	0.0334733347339307	0.0176142432834707	0.0218884597511686	0.0257625896314524
ZNF274	0.168184092069209	0.0816183951009775	0.0884700746853564	0.176191364082357	0.252619636156546	0.210007455495399	0.0447978739774358	0.0607615653910825	0.0916174121403367
ZNF282	0.0893205102479979	0.0666498047092957	0.0852892220480033	0.188166020076057	0.191778413904402	0.169037231179185	0.0550580784315982	0.0626836441319448	0.0711545789248453
ZNF283	0.0828602291348685	0.0512302658880346	0.0678307798943645	0.0917973708980132	0.103573778061608	0.0865700671193318	0.0259529079102504	0.0385668107750806	0.0552767398165861
ZNF319	0.141733254020373	0.0759067404857816	0.0998708784822836	0.180333234885306	0.239139254568847	0.224830826229968	0.046602073801754	0.0627885883006595	0.0933153772055115
ZNF324B	0.120464643910036	0.0674269358348989	0.0514369902337399	0.0778220716474518	0.119018313734537	0.107096528850971	0.0273124747246984	0.0338438656094218	0.0733744747752196
ZNF335	0.0679697209207084	0.0406396463117733	0.0446606047010294	0.0774192464683165	0.101134227623444	0.081305855343313	0.0284145118395673	0.0307409765219918	0.0546289220179587
ZNF37A	0.165344380160799	0.0775656968141938	0.0864423873435952	0.164408441521994	0.230029887649554	0.22445788526619	0.0505948039598445	0.0569737262255066	0.0939064860264918
ZNF410	0.0394175378319611	0.0408029457175028	0.0268714377469702	0.0429405626760631	0.0445383121895403	0.0304180681313835	0.0145805640312728	0.0211814640783213	0.0556095897982791
ZNF426	0.0510210641247635	0.0290581172003823	0.0218635628344355	0.0322465228524329	0.0604973689849267	0.0501414800685379	0.0245772535906807	0.0292002427003529	0.0230288581810678
ZNF444	0.0350005028398116	0.0510774298986769	0.0549731124394158	0.0945481016330362	0.0591274460510421	0.0430777168245795	0.0207371541603144	0.0291860145355399	0.0560202390522415
ZNF471	0.0964236482492239	0.0582135304704402	0.0729356961025888	0.110628248521485	0.132439772626735	0.134141353371475	0.0300737304916326	0.0446071662486108	0.0771854439947429
ZNF528	0.132573362548213	0.0614674012442762	0.0855811146606127	0.14752442824634	0.194567270951622	0.163424178087994	0.0369536414739406	0.0510289217443542	0.0772137394241704
ZNF540	0.0855074527606375	0.0378687054319198	0.0614713589897465	0.0893453874280743	0.128131478058477	0.0817646496420953	0.0244819386949294	0.0376685117548606	0.0539695770658145
ZNF561	0.0258903243884898	0.0279587336971585	0.0336676171504569	0.0149215497519073	0.0282278616446341	0.0250799865104371	0.0144272233514212	0.0269731016022189	0.0140172711465184
ZNF568	0.100462995175195	0.0543631038644181	0.0639853432855381	0.0937372712158653	0.115678806759147	0.116842701805649	0.0281562451255909	0.0387790597799813	0.0667554079563951
ZNF569	0.0260235085333472	0.0130360816812877	0.0145829617166137	0.0159622690444572	0.0140478877031225	0.00949120529533032	0.0042422288959495	0.00812894993653179	0.0181376099994125
ZNF585B	0.0937374291892392	0.0546302691165769	0.060170154995667	0.118011879274605	0.151678311052073	0.121932151602173	0.0427947174526657	0.0475541770656578	0.0666823682397919
ZNF607	0.133577714848097	0.0668390738212419	0.0810219400129496	0.151763715990332	0.195981480739237	0.160091708530941	0.0388564796487273	0.058643553633272	0.096290860064014
ZNF658	0.0987272723419578	0.0511863821453906	0.0760481814668051	0.146088064277929	0.139122571661681	0.130804485617908	0.0369498156848918	0.0417898697552312	0.0590311129381526
ZNF749	0.0821493223270227	0.0484004424635268	0.115839922886928	0.112867071797654	0.103092220852103	0.0976291135852309	0.0244675202939809	0.0408336542202502	0.0460877187268338
ZNF76	0.144830604805893	0.0679421085234234	0.0915809308561188	0.188532755901074	0.253314937604326	0.186351275712244	0.0445057473970979	0.0569797425081481	0.101439366858571
ZNF768	0.103722547343008	0.0574659710854609	0.070340133632869	0.110047045388487	0.154012632544089	0.140768321553455	0.0285218545751037	0.0433043714839113	0.0846269653551244
ZNF770	0.0245771415770748	0.0182353970392843	0.0187029133932918	0.0211895863360552	0.0269433213488749	0.027869481121104	0.0100947832540655	0.0170980279463024	0.0275072595091247
ZNF771	0.117064487000029	0.0592763090313653	0.0733868997357222	0.11069184149286	0.133063878201648	0.143447035468679	0.031235212348902	0.0514222030088147	0.0674626996702482
ZNF774	0.0732717746213377	0.0463223544689549	0.0531995774411366	0.0782951298878023	0.102291294943284	0.0887301473092799	0.0223163492594322	0.0345476707001207	0.0519526673331904
ZNF808	0.0913442182581753	0.0685152403011878	0.0823789468986663	0.106241720689175	0.111846275263589	0.0599552842338856	0.0152517963290196	0.0622743717227664	0.0461140224776379
ZNF813	0.0325364457356525	0.0290105708844605	0.0217869756053244	0.0983108267998154	0.189828264532432	0.0413255312807334	0.0178506116617213	0.0567039302633915	0.0635139227826628
ZSCAN31	0.126729788194833	0.0636907380583795	0.0615612699981961	0.125734763072882	0.155140449225453	0.12629211944265	0.0277664175354521	0.0387051921134041	0.0839782641793367
