Adult arterial capillary	Adult venous EC (SELE+)	Adult venous EC (C7+)	Adult arterial EC	Cycling EC	Fetal arterial EC	Fetal venous capillary	LEC
ARID3A	0.0927162106994875	0.0438177063861832	0.0382946675161377	0.0355606639568052	0.0948757374417178	0.171331746170374	0.307877033615783	0.030702809260942
ASCL2	0.0396470335182898	0.0299982900778254	0.0264538522447216	0.0219739251516677	0.0071599791349255	0.0176086427026393	0.0389222763452488	0.0492409626127086
ATF2	0.268619334945419	0.181112260274417	0.0990182769188074	0.0733201473600974	0.0438398738420198	0.11402512607619	0.21313444398801	0.126077585655029
ATF3	0.305454856979862	0.204179225488342	0.0721193078818082	0.058553374172402	0.0612593743817336	0.125995282753171	0.221488282165973	0.106083893550364
ATF4	0.305056013344765	0.227363676668166	0.0612336398065825	0.0352192246946028	0.0524145789763861	0.0714736904824392	0.162013963061864	0.0382075520134458
ATF6	0.264491101105355	0.154166095115382	0.0999941161164528	0.0986254197390131	0.0233365613395921	0.073334706865942	0.134023128897025	0.160362459778655
ATF6B	0.0242456876957304	0.0206947650086194	0.0239577770644964	0.0149856574217666	0.00394436327218628	0.0168789077988901	0.0244289491042867	0.0215028964438877
ATOH7	0.189201669481894	0.112692032912304	0.0604956604764068	0.0923873093092922	0.0277895127936294	0.150461472827679	0.139405800232421	0.0675438329410168
ATOH8	0.406787069397985	0.135488365396955	0.0855537096508179	0.0921064646183938	0.0360935036047135	0.0864915043515724	0.107826961484244	0.0221345955254557
BACH1	0.207135075152805	0.175453320432321	0.0906279646182229	0.0541904795761751	0.0349479709943312	0.0708438391220249	0.186460466837203	0.237096469059692
BATF	0.281596874771141	0.271341510552419	0.0950561608537203	0.0492426003027359	0.0422118184690263	0.0603021670055353	0.184481483292061	0.116014701103153
BATF3	0.267631080518203	0.176043824914527	0.0881470743934827	0.0606584862174352	0.0533371294428082	0.0973839680124129	0.218904152006846	0.106007738304224
BCL11A	0.283102344962273	0.163857312417057	0.0742415231935539	0.0482883075078424	0.0456655557016485	0.0980128853539772	0.164658386931013	0.152975311157895
BCL3	0.308730505121258	0.232350593626688	0.101070322931268	0.0675630179489726	0.0454986540041413	0.0975024652790587	0.191458789756754	0.106886572371166
BCL6	0.175121819379918	0.125439146219633	0.0737627641390292	0.0375020104643217	0.0132230330296473	0.0322844900439654	0.07135672003378	0.0719368214880364
BCL6B	0.252246836567885	0.14883844178361	0.0313869831781454	0.027413420468669	0.0696997657350038	0.161605108744837	0.208413200922704	0.0825998179074938
BCLAF1	0.30196705917773	0.193560967437659	0.0848949902022994	0.0642227466947627	0.0553089504906134	0.117665192325511	0.219738528341622	0.116481305701684
BHLHE22	0.0474354308170128	0.0242225334679239	0.0162377153576708	0.0358079368411662	0.00458928405787329	0.0106014388173127	0.0154291934680415	0.0333817301714497
BHLHE40	0.326509233487904	0.213101382331942	0.0847573069526839	0.0665939835810877	0.0493211923128087	0.110302941028737	0.194088001047191	0.110532153155686
BHLHE41	0.0678063322706456	0.0638796959926342	0.0671791737698428	0.0350052822401217	0.0094947400270321	0.0322109260981623	0.0610513232080819	0.0967107682655425
BRCA1	0.295887276777343	0.194683122651083	0.0777200823413084	0.054859968207994	0.0988067165820656	0.107615281409288	0.214156544257214	0.116010241288
BRF1	0.177136127947043	0.0881675553007122	0.0543883096881462	0.0886722789183836	0.0398979782468488	0.167380892550691	0.182680775396976	0.130189448114229
BRF2	0.313086274581267	0.187774537003048	0.0716354150422203	0.0549262953971827	0.0659738979634983	0.106644300882353	0.194339688532721	0.119480889517818
CDX1	0.0549593136796718	0.0389694027310884	0.0562792962123329	0.0853342610665727	0.0133718502588599	0.0466149815878355	0.0566616114878853	0.0371826134205532
CEBPA	0.172463628423042	0.127743085517535	0.131226910506026	0.106448262547593	0.0237377902842423	0.074612576934604	0.121560025199962	0.13877903776166
CEBPB	0.301778017758162	0.214899466362414	0.0735133690818826	0.062497588842558	0.0535173526687165	0.121471297522784	0.209889234034222	0.108363744906375
CEBPD	0.284799070214381	0.209856295899404	0.0944381150860872	0.0654168132220865	0.0528700442553754	0.105594470947503	0.209211299699256	0.144055579341404
CEBPZ	0.314013365135328	0.190669175457281	0.103361487666432	0.0779506149042565	0.0501460053540118	0.0976134969728323	0.19555776466073	0.125847344479489
CHD2	0.296709509553207	0.175174167119979	0.104536448727697	0.0782464398515405	0.0446033541050697	0.100626548195243	0.202626734625085	0.126031767259537
CLOCK	0.215600853684083	0.0893979351770346	0.0584456033382494	0.0650981124383991	0.0232496620465197	0.113220506110438	0.1231552014438	0.0705679764527279
CREB1	0.280208146676465	0.17869125508889	0.103641834386598	0.0728720890871379	0.0434279155671203	0.103808109785724	0.209916380609854	0.130713388158812
CREB3	0.314579761703864	0.260623628355842	0.0801088064751631	0.0570320653333105	0.046974035417946	0.0784281330244786	0.169198637881104	0.117394406829267
CREB3L1	0.28032134737858	0.165482211931562	0.0549589769837063	0.0362623404032326	0.0713636759696932	0.171364911530962	0.264225509158765	0.0722853455973442
CREB3L2	0.346945752140048	0.211874215988514	0.0802124792190664	0.058010335808932	0.0482550708935992	0.0941849743008277	0.191539579363869	0.0926726625876566
CREB5	0.290146665721345	0.194549417773761	0.0717686150679868	0.0549808887560422	0.0638132009768179	0.127631208251787	0.238484510341658	0.116389360858494
CREM	0.302255065652114	0.184983136332445	0.0752406225344865	0.0607488457781133	0.0562629869571741	0.13256166932049	0.213338613858229	0.139013046145199
CTCF	0.271682453164226	0.165903072058935	0.0957044701758877	0.0777779344595405	0.0601847043424455	0.109775109557579	0.227707984550906	0.132505081261933
CTCFL	0.275984545061656	0.165458515178442	0.092130570304529	0.0567799451949189	0.0495673398078621	0.108132370497297	0.237868877797001	0.0924689680071398
CUX1	0.301844333065644	0.183935180362712	0.0980278876699893	0.0696530593976681	0.0485538683454649	0.109887836189893	0.21556542627677	0.127420544709937
DBP	0.381672817822595	0.181748261033564	0.079007976874628	0.0783086219735563	0.0407171103910159	0.0985146219894314	0.164536087662922	0.0802218288825437
DDIT3	0.258956248362352	0.1614889817336	0.0574879698257997	0.0488408820967712	0.0658632444231715	0.1474945598173	0.239298792435109	0.112545235015873
E2F1	0.313941903914436	0.198624016365564	0.0720337125641709	0.0525437240136633	0.0863266145867183	0.105457376240942	0.209130175143216	0.117859369897071
E2F2	0.222659933911941	0.114720734116248	0.0914345732264	0.0682406053228749	0.0959111194716114	0.0852916747984783	0.177217592876562	0.122471327052248
E2F3	0.313226493271141	0.171737129532502	0.0831233683467886	0.0710121227551536	0.0623262801618195	0.108201276292782	0.204709257118859	0.129584429493903
E2F4	0.360929415914586	0.200056957700604	0.0734230450495995	0.0588157007069732	0.0479777499385696	0.107763280996287	0.189170827014761	0.0883917338324204
E2F5	0.167967188930191	0.102796297164529	0.0725519963984852	0.0559655361672898	0.0285887210130916	0.0973040147707278	0.169231847097192	0.128976523860428
E2F6	0.00907050671737519	0.00459144263944078	0.00403380736940306	0.00362673693274296	0.00396913072979965	0.010154420819153	0.00908098997870721	0.00623815087949775
E2F7	0.289778103755866	0.193456679260821	0.0770093677982447	0.0640299048556736	0.110414829366911	0.105957753713705	0.2069998398947	0.11366238023096
E2F8	0.291544225150141	0.188567538142685	0.0719558506123432	0.0547784781422311	0.119129429735562	0.104552539617888	0.214452255709431	0.108844608154154
EBF2	0.371784459511286	0.0995273956208859	0.0619750704652545	0.061245051649635	0.0380874412282034	0.118462410699098	0.171949115630364	0.0177794245995406
EGR1	0.321846491594676	0.214425001842105	0.0758225655991297	0.0595176339148797	0.0550596320288014	0.115383715165736	0.205934381944222	0.106705518601988
EGR2	0.312316373406971	0.201918267811505	0.0806808446054877	0.073091675261692	0.0516783770412856	0.129232507438084	0.201735002223851	0.102090212744793
EGR3	0.278886584106574	0.169889445131481	0.0514454660098701	0.0554452794280543	0.0401873048759334	0.154100003747827	0.158512678241926	0.0446024262102622
EGR4	0.305364571316701	0.223737852772633	0.0997367045445193	0.0731828787794978	0.0294206024856842	0.0902400866053288	0.168370728508415	0.0970106361511274
EHF	0.275157453454198	0.14646140805582	0.0909958918452947	0.0702211917077386	0.0309925687289544	0.0813278106039845	0.121209952887535	0.186041474523075
ELF1	0.309416538393586	0.204897277726182	0.0868292783068629	0.0675185897330924	0.053258451870496	0.111095000359131	0.208206738192371	0.118801145801792
ELF2	0.292795149243288	0.173200481261793	0.0966726108436057	0.0778519420300184	0.0483449265837812	0.11709562057412	0.207218504628682	0.129539558375049
ELK1	0.322088614244961	0.195312734559713	0.106510348073542	0.0671881123513575	0.041274436098047	0.101079546541534	0.180467508257129	0.120497862280551
ELK3	0.302144565580158	0.195257202484989	0.0848873111256651	0.0606245525716822	0.0556855940826262	0.113756419125745	0.219825069377859	0.13052402356403
ELK4	0.297716316871593	0.199310960962196	0.0993751285575846	0.0744124271564207	0.0427986779504994	0.0965847534102589	0.204170859426991	0.126747229219352
EP300	0.179558023151633	0.0908472605445888	0.0790489433439918	0.0586343788078776	0.0125286581733678	0.0419402293333924	0.0823249787523636	0.092912868019408
ERF	0.313595443603471	0.173879334023512	0.0880387036873582	0.0644582457510499	0.047174373413267	0.132095171049368	0.21989227132303	0.0991350084105243
ERG	0.310423047311755	0.198329878802276	0.0990413125815749	0.074589287036661	0.0448970150801359	0.1038812285492	0.200239906355325	0.126785674537328
ESR2	0.169926767846007	0.155964154318129	0.121686956933709	0.0930496054158909	0.00417752459524523	0.0170477955702246	0.0413674712642936	0.0491141832363305
ESRRA	0.339908521634468	0.169628834317479	0.0738627254193649	0.0650969801190271	0.0408574266033038	0.121029140991718	0.180954452909272	0.102826858143939
ETS1	0.331996137890983	0.193787346237145	0.0778849611198175	0.0590861796847559	0.0532797076887133	0.118862116146667	0.209235072387593	0.10815513317712
ETS2	0.330373929307982	0.214190573276393	0.0817871126086196	0.0609078929726938	0.0516751191617967	0.107956173863486	0.199367006714695	0.106374159521879
ETV2	0.321469718505698	0.206550904152266	0.0700306438873939	0.0549658919101953	0.0562172054660124	0.0792318189520683	0.200381343103604	0.0889846510106478
ETV3	0.293987882197116	0.144522217047241	0.0961510818644953	0.0794961229722325	0.0380480845387264	0.108951410797652	0.191084701905111	0.105414615080854
ETV4	0.297785737143827	0.176044181532364	0.0644737178442492	0.0532251307221668	0.0612315498815534	0.15582026556279	0.229944371903339	0.11069046398306
ETV5	0.305553787725827	0.176714422480748	0.0723391943959214	0.0653650371147472	0.0544664808703759	0.160789249467202	0.218073834810519	0.0981201744146692
ETV6	0.281386727907331	0.192480168903987	0.100602318563741	0.0692899835233733	0.0560242821290446	0.123553916185566	0.225105685429978	0.102587084731873
ETV7	0.321585204362098	0.310734811886861	0.084430149258481	0.0478537306228186	0.0338332037829411	0.0466137521827782	0.148389490690571	0.0672662520597463
EWSR1	0.0144591994090529	0.00742698477501158	0.0159538188980709	0.0101377808939715	-8.88178419700125e-16	0.00866068818209842	0.00876800265789812	0.0163725713562097
FLI1	0.320993257789596	0.191042633182067	0.0899533581638182	0.0631784847224608	0.0511607412419812	0.111648471781011	0.211376011813415	0.113573988098614
FOS	0.313309010191585	0.206705041800183	0.0739261363677456	0.0604732442986287	0.0561182249870363	0.122365549798325	0.214441797094882	0.105617827936058
FOSB	0.319358936032343	0.223247129579454	0.0670790421794457	0.0570231345716434	0.0537109193633496	0.11337234003011	0.201926585856087	0.0977153958645028
FOSL1	0.311062833435226	0.214353298666956	0.10384523006453	0.0805040867862038	0.0472289791927296	0.101461766011504	0.184682354258395	0.115898972068835
FOSL2	0.327119412540392	0.209065982011965	0.0890842588351941	0.0681011230449791	0.0458988606741491	0.111149812632016	0.19350086833891	0.0974752241939761
FOXA3	0.114138985242179	0.248195008587517	0.152771159777091	0.0228996820339405	0.011007390357811	0.0247864683023519	0.0629322700604675	0.0529409885838317
FOXC1	0.259139368598181	0.220355626361207	0.140246333720265	0.0952300975646895	0.0371725494320443	0.085613406961091	0.184050133686072	0.113871774804061
FOXD1	0.0413736804919554	0.0252975043365025	0.0153804352729834	0.0246210618753622	0.00609280629814779	0.0247279620155351	0.0326996429165148	0.0190722723531616
FOXF2	0.282477306759453	0.125711363786611	0.0616815911250804	0.0767966445625407	0.0400957799465845	0.0930962920653594	0.157934888290276	0.129204680943844
FOXJ2	0.114883764984447	0.0768863173961687	0.147916218131959	0.0530855484729887	0.00696201370781158	0.0405759454966634	0.0532773138593733	0.0928037384565031
FOXJ3	0.18394009993187	0.0720104348000327	0.0591498124857562	0.0335640936389019	0.0419468514854225	0.0774148362459716	0.193226636622721	0.226880249647487
FOXK1	0.0347209122687642	0.0237336618552224	0.0336462342099947	0.0247486882250281	0.00987813940973192	0.045456108417932	0.039331323390276	0.0348723481728331
FOXN2	0.141486047672281	0.0668673649209289	0.0496383836574196	0.0563546379449101	0.0188298834911449	0.0363922371876668	0.0917856467983359	0.0395347670815598
FOXN3	0.316140545810099	0.159353720786714	0.109490628089643	0.103470815431895	0.0331374125617224	0.104956956209018	0.178380595088957	0.116967721892092
FOXO1	0.286193596047393	0.192150059282175	0.113626749788295	0.0789909379723623	0.0426758875333685	0.108580469931058	0.212702224959861	0.10785326643455
FOXO3	0.318468196609199	0.180663736803895	0.103217324598624	0.0918612026353952	0.0393757921894186	0.105440047600974	0.184525997765103	0.124869299927348
FOXP1	0.217975002597565	0.210293555088053	0.133539918606164	0.101774203815662	0.0219093559646903	0.0537958530959277	0.12834768035728	0.1389674460987
FOXP2	0.23735197349455	0.163617801453132	0.09376052375526	0.0826247720543406	0.0276085277755945	0.0953710112170459	0.146923372950857	0.182777788979467
GABPA	0.312943408473849	0.146349026767622	0.0938709443761248	0.0833616155987073	0.0287714365504789	0.125756194362662	0.170463182756801	0.107249638521511
GABPB1	0.328633855433444	0.218326616399694	0.0729753211713281	0.0564998709774804	0.057616002712415	0.0940820435840878	0.182566985993454	0.126017914032446
GADD45A	0.23059313155887	0.148093274446047	0.0555590301141048	0.0599261083204778	0.0615562395491369	0.181740927007247	0.233382655221985	0.127713205206589
GATA1	0.173479012009452	0.110863138749667	0.089764110852899	0.0696323940906711	0.0247134065296079	0.0874567898791345	0.134959067274964	0.110770107010999
GATA2	0.309947184961845	0.180821600444375	0.0974004210482925	0.0937525004810859	0.045630443903427	0.119651403386434	0.199262413317001	0.112862044595826
GATA3	0.335054545504736	0.181053747946397	0.0711810720285878	0.0766731957680056	0.0492555263076125	0.120084367983813	0.199885669093308	0.0892625608104233
GATA5	0.239928098296244	0.0640703011984505	0.0671670920483628	0.06362083292551	0.0318504041757881	0.0741511040356828	0.163318694689232	0.0669791019888774
GATA6	0.304642191088896	0.191295005282384	0.115505651679899	0.104987646108299	0.0425910195915248	0.104542109823013	0.19273588071162	0.102560574096479
GFI1	0.00828845956642532	0.00538539398576954	0.0043599735142732	0.000414054029276412	0	0.00281705593403048	0.0010539276436845	0.0044424643756461
GLI2	0.0496781002373397	0.0383497565930729	0.0272482696415749	0.0446799007599739	0.0812460511905221	0.176315799286519	0.282676524099709	0.0238436014910843
GLIS2	0.408266337783767	0.10267025341304	0.0457567652180484	0.0798995847829961	0.047453123963202	0.133604854803497	0.153780855167558	0.0555179789630318
GTF2A1	0.122171844154862	0.0766478887934957	0.0641165804518121	0.0342377246106028	0.0116748088323905	0.0804970155314138	0.0550685465193131	0.0956287411260115
GTF2A2	0.0125820956980619	0.0372614986094253	0.0135707995774331	0.0357919986124406	-8.88178419700125e-16	-8.88178419700125e-16	0.00883165572265476	0.00159198889569379
GTF2B	0.283525095779866	0.217705057752597	0.0681331129188607	0.0505916442523863	0.0597464261608509	0.121677475927183	0.226239757679388	0.0888770100635659
GTF3C2	0.168014182887526	0.098325992482201	0.0729186172486064	0.0545427111590382	0.0447624626089458	0.114402111899177	0.199445645782763	0.109734527715663
HCLS1	0.351757201624017	0.171763909671811	0.0455374311857339	0.0262756437605539	0.0549510341730479	0.101968056085814	0.197269544958173	0.0117207551387204
HDAC2	0.295649959391892	0.200918036893415	0.0718516777443222	0.0526062039277083	0.072270773825291	0.119880199533445	0.227647368561237	0.122537265805076
HES1	0.309653712412792	0.150436580399359	0.0424732607867689	0.0336224535097959	0.0484176044470619	0.165148311065562	0.189659724497289	0.0704980914544635
HES5	0.139396973139368	0.0390817584280402	0.0166356016744411	0.0532071127117514	0.110879140149974	0.259380261984715	0.228158101490787	0.108171731111248
HIVEP2	0.235359166455676	0.173279163696026	0.137418500759888	0.113225044269943	0.0237941020039468	0.0746287894336453	0.154459691710446	0.137852902741814
HLF	0.254495950175892	0.219144210989898	0.113838639324741	0.0382953874482885	0.0313726751270929	0.0599565418802703	0.144479248563278	0.098891236344483
HMGA1	0.297890412819699	0.208899609504422	0.070762787523203	0.0516865699768285	0.0698143005407387	0.117526193092299	0.22865671252726	0.113339983304923
HMGA2	0.288413109442386	0.186725563812915	0.0713778773671521	0.0503447096498119	0.067851820170351	0.139362316137897	0.239982319301498	0.11376549745119
HMX2	0.193079711376144	0.0953497668121294	0.0666934789786489	0.050780084267563	0.020687117657363	0.0534663454369888	0.116436661447979	0.0724226896030645
HNF4A	0.156589664151739	0.0771359064065331	0.105513150153268	0.0970727520159618	0.0119815008014744	0.0608270210768679	0.0653949865745151	0.184423545199943
HOXA10	0.0961095535705612	0.0740761854268982	0.0385675555628752	0.0512481671893708	0.0228906522677734	0.0526843351205437	0.0696358087665131	0.031728408205782
HOXA2	0.0668531194329546	0.0260141136980717	0.0251649293115026	0.0195321565544346	0.00831539550315041	0.0347259301854592	0.0423825129612653	0.0269990659299221
HOXA3	0.195041661010293	0.137821698079375	0.106168993503015	0.0851133302349869	0.030572417125628	0.0923311865330387	0.200870116468768	0.125326104936231
HOXA4	0.210542961080754	0.154563468656709	0.0660024704467659	0.0482010490594498	0.0788475393993187	0.125829579475112	0.304883287023017	0.108657463493721
HOXA5	0.295410107620262	0.19278982113695	0.0852842748770919	0.0691626527255764	0.054609783553906	0.117666248551281	0.219542851886619	0.110345428641329
HOXA7	0.0730816251498684	0.0750293400994693	0.0377704210834025	0.0349475286952176	0.00980591336316394	0.0136867608513771	0.0322295121407457	0.0659947279139168
HOXA9	0.177578116436846	0.153505633026137	0.0641779383228743	0.0443349719407746	0.017453539956661	0.0455907424113385	0.060663986381791	0.0587279909874925
HOXB5	0.319449725325475	0.179971006966689	0.0700948193197162	0.0554571067621606	0.0593919981695811	0.133781050288349	0.230913282037079	0.0977952393312702
HOXC10	0.137863307628078	0.196199001504796	0.135935988911694	0.0300394504450959	0.0155054716102615	0.0360492759356614	0.101377907311767	0.078430270703954
HOXC9	0.271252617859174	0.232815785834395	0.0619287676819159	0.019129378906443	0.0209420775501482	0.0165369640086286	0.0984655359293662	0.0145342757172582
HOXD1	0.231012511095422	0.189823838982052	0.0818054198269653	0.074542120285208	0.0221231420853714	0.119343196114348	0.130046289743007	0.0893108026794761
HOXD10	0.160629455731313	0.103050134282113	0.0956566809584098	0.0519214148440718	0.0337609571639568	0.0683283317723113	0.140460988102486	0.335721537964105
HOXD11	0.262365775721732	0.143885683681885	0.0616777406806123	0.0588252285769295	0.0515839040108103	0.131128969245584	0.224954570640541	0.105999962677161
HOXD3	0.032238759880227	0.0323373775346295	0.0275570862026049	0.0273561742184549	0.0085035645028495	0.014057766785167	0.0280359505628062	0.127617602320564
HOXD8	0.233616752788865	0.0821485223034031	0.0700463606845162	0.0844571540223295	0.0452215664605516	0.090396088615874	0.16306931941621	0.202144876727229
HOXD9	0.191123571946317	0.104083288795809	0.0927576105715576	0.0816289447018173	0.0285003846022072	0.0708359305305832	0.113744406752136	0.321814134191419
HSF1	0.288811262724049	0.152280900916459	0.0876845613323152	0.0869609098728824	0.0343844585649837	0.107632411487885	0.13023481528353	0.166953416678519
HSF2	0.00982292025953402	0.013411808555024	0.0159190162670989	0.0424536344345868	0.00577538914928799	0.00783094871453116	0.0325016523260399	0.146132277731999
HSF4	0.105624774574292	0.187722643110176	0.123705754501818	0.0462105123425778	0.0376843218774644	0.0279564531682972	0.157956431569081	0.174854912016168
IKZF1	0.133667782687048	0.0580225830148696	0.0473286802085348	0.0734116170171057	0.00637703317829585	0.0277568498194392	0.0357099400993649	0.0496882630978207
IKZF2	0.0382548412943027	0.0274774355001662	0.0353410746075938	0.0230311214855755	0.00698431732297689	0.0120560183311238	0.0426315014548372	0.0332179517990012
IRF1	0.313154381031754	0.217966847477506	0.0769279603887153	0.0578868172851649	0.0573169065559951	0.112968293779165	0.210126603704031	0.109831152397117
IRF2	0.2127452071291	0.194196782158136	0.0744798489171989	0.0468408192201286	0.0509119353709733	0.104954489460491	0.236242986787369	0.114151507579789
IRF3	0.302068194235263	0.22274476462981	0.0825560619374315	0.0512070294980198	0.0445467121931371	0.0873132167710754	0.183139264945981	0.119505793124812
IRF6	0.328350757405677	0.181313621845257	0.104107806138929	0.126391542575408	0.0391886132609263	0.110087464134678	0.168757399055595	0.0808596004922215
IRF7	0.351331466362216	0.23240915916211	0.0751257678926647	0.0572486225538232	0.0455005446952201	0.0963990512051016	0.179739739745952	0.0953136849339008
IRF8	0.281132521065984	0.236763976596663	0.0865964524685047	0.0586680792319717	0.0494033117651986	0.0985132185493854	0.207577445356433	0.123435871798771
IRF9	0.347587676215975	0.236722869289273	0.0769438006929172	0.0574787354513815	0.0476619051763376	0.0955204939602294	0.178932804575072	0.0985634752672363
JDP2	0.298134772544849	0.198313283863635	0.0886084553180212	0.0573621259418308	0.055854490023481	0.108457151522875	0.224770603779114	0.104393331093177
JUN	0.311488960757989	0.20442633119655	0.0741029070978776	0.0595046147220272	0.0566972305402185	0.122079584769459	0.217255442552448	0.10294129523877
JUNB	0.315439785143993	0.214250151859779	0.0769093406042868	0.0601152604473481	0.0560306254077332	0.115268689307898	0.208415569818257	0.108554451343401
JUND	0.302677543537063	0.19949665900499	0.0775223563982023	0.0613613713454599	0.0596931985765548	0.126937788084389	0.221340581316339	0.113204282517773
KDM5A	0.288190991290125	0.17316734774479	0.0919081672107031	0.0667699900236305	0.0530796657572932	0.114352418635792	0.232315300063723	0.128264811700059
KLF10	0.279086487409981	0.21348547978543	0.0600739223905044	0.0514751800668189	0.0508000510345274	0.114756248345149	0.211167413691906	0.0818587671765744
KLF12	0.0228479090386803	0.018982904421694	0.0137601267859884	0.0295429210351464	0.00469860644650588	0.0319916835004186	0.0241152358558662	0.0257228694024909
KLF13	0.330447194861622	0.178184760476742	0.0887829634348746	0.0687102893869066	0.0453181766232714	0.118724914117427	0.201010490781687	0.10571616207004
KLF16	0.28676368180702	0.168522728078732	0.083208019996168	0.0677143497764787	0.0489927950316221	0.127925338766549	0.232579893127051	0.0982108021804683
KLF3	0.310198439340738	0.162053306882391	0.0908840825796904	0.0771482174174061	0.0496950165027844	0.137895742167101	0.20736184889468	0.123964558483476
KLF4	0.318504700724656	0.209822624171305	0.0765239853125885	0.063499240057113	0.0532480465989031	0.117585527936424	0.204724457919531	0.109606793777633
KLF5	0.0366988193921042	0.00254737413034212	0.0193837263967214	0.0423713375986704	0.00425302816803064	0.107901976405311	0.0110366036590267	0.00662580781608935
KLF7	0.257796736653323	0.167189879555735	0.130698821406026	0.0948383223392412	0.0285359241511024	0.0654940018112287	0.151635012129157	0.0791310772533477
KLF8	0.288372664951441	0.22706815299994	0.091131350003109	0.0680082557740835	0.0497737485677144	0.0999810973191356	0.211747289644216	0.0987786547249505
KMT2A	0.233608444061441	0.135713374289843	0.0960808570062658	0.0821432007349573	0.0485977999850279	0.111690237903055	0.214673407122563	0.122854304888448
LCORL	0.125024676884152	0.0506058829177122	0.0620375477984308	0.0743463190987649	0.0200171093871252	0.0626047936685721	0.107459949398902	0.0538824792728788
LEF1	0.2461225160772	0.24986213542118	0.0855005762147401	0.00982147561827607	0.060116619866187	0.021057751442924	0.246419788101408	0.0451939515866773
LHX6	0.0208856087866985	0.165801539681137	0.145681412668673	0.00370715594518534	0.0504250599546466	0.00863024922639277	0.184070039930214	0.173581453316107
MAFA	0.159552754782871	0.0693454698300473	0.0744899848235758	0.0707853944610908	0.0151173826772635	0.0428829820789858	0.0664287797364828	0.0888344275557771
MAFF	0.297451526635814	0.206075198219668	0.0750520588289727	0.0590801541362368	0.0590251285307241	0.125026133792289	0.221317540261959	0.109736953983954
MAFG	0.314496576582414	0.21020976871532	0.0751575432629962	0.0640685439257561	0.0470838962922685	0.107677527328086	0.180115919733238	0.100933269293743
MAX	0.345913438883171	0.21068799068793	0.0875349248000338	0.0692611995429816	0.0415562484918957	0.0924686708706338	0.175660362164092	0.124053944262084
MAZ	0.298750215265382	0.175642952038269	0.076153061402625	0.059001030349084	0.0703731443188261	0.132290667673725	0.232108544718519	0.110519734649119
MEF2C	0.290140852552013	0.153481369932043	0.0750153120207552	0.0423291223590407	0.065098487318217	0.136052601765752	0.255848396065086	0.0618339683470425
MEF2D	0.320950623174793	0.178803465255791	0.0838091069722724	0.0857901602058668	0.0412797889034019	0.120804636586527	0.201869059475235	0.0899165125293396
MEIS1	0.175603274164994	0.0894364444881431	0.0858077901701015	0.0746011197331641	0.0299586131006478	0.0770036486664729	0.130989401298834	0.0703429381840741
MEIS2	0.15201571387062	0.137566166205772	0.0833509735261891	0.0259559143582577	0.0808287065663127	0.085229510913357	0.293179803338199	0.0975469723678725
MGA	0.244676375610165	0.130992710139316	0.105247645220632	0.0703322485270069	0.034773148356209	0.112283284966877	0.178330329646713	0.112258385887506
MLX	0.17954558198394	0.107200075050519	0.0568087343970566	0.0441348806244448	0.109011937840498	0.0641549775863816	0.125723585486631	0.0875838370783287
MSC	0.250872297497783	0.283936123952433	0.0829635136544014	0.0516754008092687	0.0303480914876492	0.0391544271462899	0.132331261995879	0.138993865393022
MSX1	0.28588630473736	0.128203365561377	0.0411374007710676	0.0625215603435629	0.0605363809568102	0.208913220926947	0.216896914908887	0.0763959080813732
MSX2	0.117762977582105	0.0737387905383108	0.0331436917677776	0.0316340175578897	0.0236558012759394	0.0460695722814628	0.0740393191707386	0.141658651472148
MXD1	0.144482842531762	0.0949684819745829	0.0483302255557115	0.0452492259990885	0.0153000383559405	0.029718348821556	0.0466408266085256	0.0656269446221222
MXD4	0.24538141994974	0.0890199873786784	0.0407718761466844	0.0387217591169986	0.0356531790286715	0.145863911289277	0.143095349014236	0.0532009751475052
MXI1	0.309617972430996	0.13903223177648	0.0799518149874733	0.080130972561462	0.0410066145023293	0.11796488149468	0.192864006542733	0.152376828926272
MYBL1	0.236430579484481	0.152828260145624	0.0536806189606113	0.054403991064147	0.107556277593256	0.0879597407370597	0.168074247827427	0.0878821447531647
MYC	0.311837600119376	0.206675349676861	0.0918970559333729	0.0818672666786016	0.0482148452518666	0.105469738000539	0.199311523701454	0.100291899719195
MYCN	0.145339237878358	0.121551265191481	0.0347278583254058	0.0668973465263669	0.0735987764580585	0.100640328481735	0.253683534784238	0.066689658928337
MYF6	0.15538996938926	0.0842358834127152	0.0985073446178818	0.0875737828706619	0.020645965620905	0.0415092380105504	0.0762267401716978	0.0866221619149854
NF1	0.0861206152974419	0.0370661573757808	0.0608890953854405	0.0393447583972214	0.00818211748917896	0.0234323945631019	0.0474970327519606	0.311940470502154
NFATC1	0.293492448089612	0.205649924931137	0.0969441883030738	0.0735336753097464	0.043860080464922	0.0923713555180526	0.183279119039098	0.1700655014358
NFATC2	0.196990942969964	0.227634961548774	0.0732345171580562	0.0386997928834727	0.0398187812193216	0.0752539994793495	0.218006605831445	0.0799444919550085
NFE2	0.0689632086574403	0.0475157356803084	0.0461244433959236	0.0637134969144212	0.0244030962676237	0.0618329769993362	0.06848804687717	0.135604399633935
NFE2L1	0.208571418736843	0.139081001063467	0.0957317187526937	0.0836801847846542	0.00991601173913015	0.0450631113012733	0.0777905210399469	0.11656770826429
NFE2L2	0.315690569093026	0.208728097685768	0.0978668500099368	0.0726823183092338	0.0432840213532271	0.0923005014917868	0.185281829341277	0.129189477178728
NFE2L3	0.131950071470532	0.329102948539361	0.0542728449008991	0.0418659444589834	0.0150849575198951	0.0110427129233145	0.0665556432642606	0.0653721571568624
NFIC	0.300885063526701	0.181950150860507	0.114836722788449	0.0971142480442998	0.0309050265378895	0.0823868461357681	0.151127822562305	0.164265009999932
NFIL3	0.284325295863985	0.19549518585294	0.0683681000391405	0.0613944628312447	0.0575514159167225	0.140850780659124	0.226125452823771	0.108826327268384
NFIX	0.310196574536052	0.15077291959336	0.106764555882874	0.128045587465443	0.0323598184042729	0.0878630773728544	0.156157247795654	0.159663734440308
NFKB1	0.285983370104321	0.222479322034542	0.0920683884950411	0.0635222711053988	0.0528070300205805	0.100558318810763	0.213173655745446	0.114772602627025
NFKB2	0.304071581552747	0.261026757055305	0.0894296295038989	0.0589725886090973	0.0431743619551894	0.0838901440481957	0.19036448225073	0.105093019614416
NFYB	0.109067371999929	0.086905973196207	0.0491321317316455	0.0320593368420027	0.033330724013383	0.0495061576339153	0.0840931449063375	0.0489350275293841
NFYC	0.302781150092802	0.191024500690022	0.0763903803773502	0.0525036637163767	0.0685425425814324	0.109687175128404	0.224620106482391	0.128510319340319
NMRAL1	0.0394817984912765	0.0656596432908687	0.0321957256973153	0.00350830601746954	0.0207851671998642	0.015606992138257	0.101341385404084	0.0112367680821561
NR1D1	0.379653026282717	0.243885840565254	0.070168265502878	0.0559737284741464	0.0327030216535478	0.0671696944421208	0.124189975923175	0.0966062529671902
NR1H2	0.363101263957907	0.215308469089211	0.0793590805820646	0.0697286766923206	0.0408104256549318	0.0802709963961092	0.167396510226804	0.107616921839587
NR1H3	0.258955741021365	0.146800305522351	0.0816523602034991	0.0626662393350924	0.041978728092485	0.0952224871631866	0.182825488400321	0.241603648129843
NR1H4	0.00772672635019878	0.00476673635746061	0.00788752456129682	0.0116541402360177	0.00192955648186299	0.00952045660163059	0.0200079867622173	0.0146493933282255
NR2C1	0.243530624602681	0.0762925204359896	0.087025739409765	0.137238366083263	0.0396826195346175	0.0955230498545792	0.158411908457976	0.170347304640902
NR2F1	0.279867974289377	0.164351538359669	0.0770473501297285	0.0636563875865677	0.0497404807814087	0.0990936816385233	0.200647519080585	0.212245745888445
NR2F6	0.194146537392646	0.22923026776355	0.0669530022543173	0.0339304898243098	0.0652376148128015	0.12877377839771	0.235578519380814	0.116780514568807
NR3C1	0.290281102146826	0.182065435597045	0.0847176042461558	0.0644760915577941	0.0593699787306788	0.124200391609561	0.23300764451813	0.124768534369696
NR3C2	0.164402187915894	0.121523662221172	0.13490510423009	0.0594094342574579	0.00836022089766564	0.031707830848495	0.079465692313896	0.114094342875222
NR5A2	0.0682467723403666	0.0347279073019015	0.0153984906754606	0.034924251541402	0.00624270838358165	0.019563420645248	0.0239911693474982	0.0173226066138812
NRL	0.244079234238023	0.11977702924418	0.0954029268406069	0.0561190540827837	0.0315441101102888	0.109278413102971	0.16367343625117	0.136953882222602
PATZ1	0.0249927903311827	0.0403407726054309	0.0252278108859068	0.0428818873144999	0.005845791780277	0.0120889080668263	0.0231434866269918	0.0147093040520595
PBX1	0.0283257620012966	0.0318810918039826	0.0460650185877156	0.0205086115143828	0.00829160535479201	0.0254831136706292	0.0362273017406067	0.0775720420073971
PBX3	0.280029864793654	0.16613738725977	0.0703092938720125	0.0537631122546125	0.0631122377495034	0.133771642795702	0.237407355458269	0.112907167779256
PHF8	0.307215416963586	0.184145007719359	0.0826690229281325	0.0670115938908266	0.0486993061424713	0.122409036538189	0.200046317375354	0.119432030948941
PITX1	0.013301688087902	0.00801011465346801	0.00348687796607083	0.000724071683911087	0.0117704627505089	0.027760881208868	0.0283612681084289	0.0100764603324986
PKNOX2	0.0779602067587319	0.0774703114387956	0.0684337242683806	0.0369735212902943	0.0400873892261986	0.127762902456144	0.20842990060455	0.0917001890360318
PLAG1	0.154977907264454	0.0904814329374346	0.0643597067120713	0.0829800530053666	0.0652740325948097	0.167871935554615	0.30651757522716	0.118295553322036
POLE3	0.245413235094259	0.177173998890014	0.0890419550567804	0.0836486973146598	0.0638289662392466	0.0993507107127557	0.20251185831195	0.131787583117643
POLR2A	0.304274143883351	0.180976119844732	0.0959647815956194	0.0768757238908866	0.042949095132008	0.100886812018288	0.199351923654885	0.143564093170624
POLR3A	0.342781090157759	0.171715628440489	0.107006201506886	0.109146872732036	0.019093734986783	0.092315942620304	0.0786738074836986	0.068960709205969
POLR3G	0.0622935446736953	0.0494058634273337	0.03173219699157	0.0198612425030213	0.0105643481199101	0.0257152632397109	0.0586094874240284	0.0377514198797348
POU2AF1	0.261918147612517	0.100295351776207	0.0637059911653708	0.0763806061301624	0.0242249347673762	0.0916557026968307	0.122046474373426	0.0529879403442814
POU2F1	0.232623682190544	0.0907774172340403	0.0531181878705129	0.057095220560192	0.0253044147655261	0.0838622022884432	0.132973218770943	0.06448024370133
POU2F2	0.142424834697895	0.0785010482946115	0.0472061208778267	0.0403832656532138	0.0126480075120959	0.0668102294030073	0.0856165943828544	0.0600055266829639
POU3F1	0.375670525252104	0.101387044210982	0.0602358995361142	0.0803620531858028	0.0506962769446854	0.114986812121674	0.157249125802731	0.0412958352138288
POU5F1	0.215416802199618	0.19641291730926	0.0269831855557486	0.0245298413316616	0.0198586059368888	0.047494886388685	0.0762394662130504	0.0562035384397388
POU5F1B	0.0643507219910209	0.0118530029850444	0.0237017003038194	0.0340936032182888	0.00495781594403555	0.0361893610241154	0.0452692246027638	0.0190982174739861
PPARA	0.056160193273764	0.0445819103932176	0.0447755194013704	0.0762818960167797	0.00443758498795743	0.0131030288446751	0.0257579565804342	0.0368434627417074
PPARD	0.19350212779648	0.0936043634744057	0.0857947883904954	0.067475517507261	0.0326434448270078	0.129522236994833	0.164792738132789	0.0940217251990522
PPARG	0.209579754607925	0.0840102335248857	0.0700515605018427	0.0906050110744016	0.0272388245498506	0.119943050806311	0.133266586824761	0.200566308689132
PRDM1	0.336495612100585	0.20303990075638	0.0737786414137158	0.0625560331986803	0.0474808983949117	0.128622133066438	0.19539769740253	0.0953833199975861
PRRX2	0.0500406409537287	0.0425604202796737	0.0175207550213861	0.0172322993492445	0.00796375114525483	0.0352480853039242	0.060876211976537	0.023886357646452
PSMD12	0.264143475096278	0.066136485874968	0.10917468908209	0.141375592504941	0.0170158010087591	0.0608969042418191	0.0701656407127672	0.0369094776536975
RAD21	0.292562917273452	0.179121055761364	0.0900648556926619	0.0710163263792231	0.0694582055554466	0.114460648014663	0.222669688773681	0.129664986531175
RARA	0.306461881972065	0.160787702001495	0.104384082821489	0.0876762782643135	0.0420625439289453	0.112000968422669	0.196048445881668	0.124398249453165
RARB	0.330084595849115	0.13313167417056	0.0473243939870052	0.0297297233966556	0.0615140924498582	0.0620253600884345	0.185137476867805	0.187958608971002
RARG	0.349072313708686	0.169054464057923	0.0640380582243872	0.0525517934374358	0.0566559752070969	0.133916337594295	0.221838803340136	0.0861211881689758
RBBP5	0.18615578017102	0.0837865647999327	0.0493298312365003	0.0808356743449564	0.0617260011090865	0.192838896820577	0.214821256647879	0.083334873220699
REL	0.210210068134365	0.209955195900393	0.0788391060055507	0.0495894343372069	0.0501876767414097	0.0979239858827339	0.235948742583696	0.104810435851643
RELA	0.323540877126303	0.20990155825383	0.0954512049870277	0.0742827929317967	0.0439517210861505	0.100748124903879	0.185304244781204	0.120750648883628
RELB	0.308145404326468	0.237164014707252	0.0811373978082364	0.0583169356519646	0.0503948525344297	0.0998389139354806	0.203385309697684	0.108311851139019
REST	0.307306073405895	0.162869339425627	0.0876000520490504	0.0699765418675581	0.0528308813693356	0.126261627130275	0.224458925554747	0.118612013410349
RFX1	0.0149833499359233	0.0123966392533547	0.00722649743655635	0.0112453966451092	0.00311188929572548	0.0109872252761799	0.0173967658981332	0.0185928196154848
RFX3	0.0405621498763847	0.0514437707222873	0.0555810557242357	0.022710489567525	0.00910459231548988	0.0302906800257959	0.0531991456824251	0.0258565745593375
RFX5	0.326148274166393	0.189136402127942	0.0711986702063402	0.0591172567999368	0.0531936645065985	0.0673642995370229	0.125145540173162	0.0853658476503045
RFXAP	0.0803486154661727	0.113930095430917	0.0198103272395772	0.0142975798959921	0.0321832467748608	0.0316773647784908	0.0996149825225481	0.0667553240122319
RORA	0.0886032848241465	0.0483555292322397	0.0255408215518061	0.0223926840127859	0.013356070336164	0.0326981087107362	0.0618343252810247	0.068252070703551
RORC	0.20562211053721	0.138315527860452	0.118168565688731	0.0981770044917707	0.0328404602906244	0.111288477048562	0.197665541240935	0.0813838204797563
RREB1	0.316520886328283	0.172172752199834	0.0907528484127285	0.0739694821006295	0.0333967870496081	0.111245188059441	0.176796626285404	0.132761532737547
RUNX2	0.168781330513489	0.0827735824553496	0.0645777871190286	0.0537527111572571	0.00738706975336167	0.0360293111324256	0.0495499708513087	0.0762618863411039
RUNX3	0.134509716636298	0.0660700143606139	0.0495748546549388	0.0361665637128969	0.00585275798305429	0.012766605331796	0.027057605490785	0.0621384374137034
RUVBL1	0.0299146150219395	0.027811008291893	0.0246547526566681	0.0177710375370125	0.00581857818363751	0.00724009455691343	0.0164251944251687	0.0974165220692582
RXRA	0.149453950700694	0.0660181832366553	0.0704862674822977	0.0792992901287327	0.0165454664428439	0.0895892014391327	0.112383330566495	0.0606491410860518
RXRB	0.136873145406316	0.0743136758198858	0.0468365925154415	0.0528124569994826	0.0125491280191059	0.039468134919455	0.0674231287037399	0.0558304126657466
RXRG	0.0788795032081644	0.0533631327221766	0.0481905027659268	0.0586046295964298	0.00969565670630379	0.0381617056814149	0.0751146092007826	0.0897330788635962
SETDB1	0.325664477622086	0.145539769843401	0.0820385820466059	0.062760243038922	0.0414049014006471	0.105446703767699	0.206674761662502	0.110096295753793
SIN3A	0.305966773751718	0.196507903321117	0.0936654693050721	0.070107122572544	0.0490817973093334	0.0936277158735008	0.199032557675617	0.11433247777046
SIX4	0.123247412850667	0.0606857719214237	0.0491537298332314	0.0334709620135336	0.0081769832178703	0.0225012771660188	0.0371262857464874	0.0514353383052796
SMAD3	0.162269265830789	0.171545476329025	0.103328635181258	0.0932832211161218	0.0283099782461074	0.0729595235771676	0.148657127269829	0.0765660847294642
SMAD9	0.0964562940971629	0.0675686293522361	0.0430872995659372	0.028893760799041	0.0213682166173484	0.0448597685686603	0.0989743491754578	0.03923145626007
SNAI1	0.0715843985264532	0.0476958835740959	0.00981459008450702	0.00882513326398815	0.0212309611814903	0.042969467601595	0.0519261709976615	0.00452706816447301
SOX10	0.159260952974808	0.14757120020692	0.0898732053566811	0.0720252086841443	0.0159197626554938	0.0296429167924501	0.108707576140197	0.0922475202323768
SOX12	0.200817693646271	0.108283281418378	0.0557232450189415	0.0484833760247418	0.0697299716654519	0.167778841717436	0.268912545651765	0.106641164486929
SOX13	0.311768728753286	0.163741406750619	0.0799541624633016	0.0853913209885185	0.0490132034495553	0.170896549970174	0.19462914143549	0.0939517334633284
SOX17	0.331569224172151	0.181810916851592	0.0705786679314027	0.0749351419000203	0.0505224791122519	0.155220232958736	0.199676007765536	0.0836338804403199
SOX4	0.259767946872724	0.17176295840811	0.0717491634554327	0.0504696901866112	0.0702947885403273	0.134485918727464	0.268502408699399	0.131409795725009
SOX5	0.297371254539649	0.158465582549008	0.070368425084177	0.0802015591600076	0.0501297761170858	0.185789804024507	0.20836983200302	0.103063375150807
SOX6	0.289782540391643	0.163092070877681	0.0645839743035754	0.0690661198072416	0.0528829550867654	0.195690547257461	0.213679563725156	0.100622842356036
SOX7	0.276220709931286	0.154067795400374	0.0654267492710473	0.0651467793247364	0.0667331341184343	0.17606667283731	0.242743229914145	0.099249342152415
SOX8	0.207587070651752	0.117074270005941	0.0948274009172855	0.0783017956641721	0.0214441219414644	0.063850347655879	0.111234207253378	0.0738929067495633
SOX9	0.165131956373764	0.0846481544464573	0.0792298555876331	0.0630965510070878	0.0130804142874734	0.0473501258769662	0.0792296130144703	0.0822706296365613
SP1	0.250190467797422	0.152597261094593	0.119604550450424	0.0881977612922165	0.0200879263801897	0.0675377000605308	0.146112871494905	0.131855148441207
SP2	0.324596634828314	0.172741293871749	0.0962901721507096	0.079142849288263	0.0387210088892189	0.0948269460808954	0.156499628152153	0.139028192551129
SP4	0.232902201413828	0.167015330867504	0.0998314038057572	0.0846581421010814	0.0331819152253447	0.0848297868730361	0.206789773558769	0.144473378403863
SP6	0.26104526071575	0.207708755868404	0.06604936207334	0.0411866063276241	0.0644363605479084	0.13212858319262	0.222871640390386	0.131798491433237
SPI1	0.355310687857727	0.245789837316607	0.0869449534285673	0.0598732339765371	0.0356416687752565	0.0735844094981299	0.157522601190821	0.0937453064617002
SPIB	0.0119977481564829	0.0120476388831022	0.0139904669137135	0.0053411112325682	0.00480996473447426	0.00255861457863116	0.00509000349155531	0.0363096534269308
SPR	0.345040879987682	0.238265349905332	0.0711259835813808	0.0531521440035162	0.0249603708442161	0.0606417898251269	0.113031763017683	0.125469094522977
SREBF1	0.279185982195708	0.193017795258733	0.127358280642516	0.0699502520962964	0.0395336891493451	0.0869025242194782	0.184626940425044	0.144263857146448
SREBF2	0.306529012750952	0.14545109750241	0.0881638820144752	0.0887119149713674	0.0414511441438045	0.154485398899855	0.202628463019905	0.0954168958573537
SRF	0.336643697806156	0.207379347360076	0.0926315498946861	0.0723292542628395	0.0416617322362568	0.107890203080918	0.180480772194235	0.0974892126695911
STAT1	0.348478712821576	0.242171277122486	0.0829787812937561	0.0674196542065584	0.0419616874536479	0.0865526161468908	0.162691714522284	0.108036017332796
STAT2	0.339605444687564	0.228238047842752	0.0989245294686494	0.0755686950535812	0.0319077269898032	0.0812430512264624	0.158941331416885	0.108946695446037
STAT5A	0.344587725356787	0.217524639908415	0.0888481360947753	0.0804558871639768	0.0363961851510221	0.0995104404476146	0.156382886288334	0.108533598527946
STAT5B	0.0560903380077908	0.0332217103741026	0.0474998566077079	0.0392068097893632	0.0122542345756589	0.0453339523194477	0.0573964718377148	0.0472187908285007
TAF1	0.336554809324366	0.191227472998423	0.0985691367153696	0.0735884141580354	0.0412802903763503	0.101246052508638	0.179231794091684	0.110758324948898
TAF7	0.299431488998584	0.202889280991463	0.0773356343707939	0.0567244464126867	0.0610725776076793	0.119336076617203	0.226791482900278	0.113124823596337
TAL1	0.215939611609632	0.0732716219937865	0.0607531615161835	0.0253713390872896	0.00635113992074932	0.00754970031394453	0.0762573073874653	0.0920694577117912
TBX19	0.00437353840163535	0.00151108961384716	0.0105691473716145	0.100554601650739	0.000951456506323556	0.00595872268484854	0.00670751692236915	0.0062607325135996
TBX21	0.184624950896598	0.11581499028268	0.0571538530021845	0.0487919440951761	0.0341096889988579	0.0913872538105898	0.136379984100351	0.0689242391244486
TBX6	0.0766646425503098	0.0791776753498519	0.0635112504392376	0.0893778121280371	0.00835428876234179	0.0176602003993948	0.0478527606171972	0.0850448546244063
TCF12	0.0286036349374083	0.0124851898895938	0.0319760516494003	0.0322036872152104	0.00438950834736362	0.0240194329735258	0.0276402937220956	0.0265959238693795
TCF7L1	0.19944654227772	0.0764973782049451	0.0574060553452114	0.132682248601456	0.0159704901340948	0.225673638023586	0.094953558334962	0.0855088863826349
TCF7L2	0.192335572235105	0.0861351347781016	0.0589519341765117	0.0370601024357966	0.0559758136869756	0.116686269690239	0.214636297204144	0.0681687124598429
TEAD1	0.230246748172705	0.108390161671751	0.149444506702255	0.117117238956246	0.0161222251204844	0.0932255378343841	0.114781086219011	0.0416562507721263
TEAD2	0.28485137168024	0.176003039399968	0.0825177078340105	0.064269326643667	0.0588029335611999	0.130222033598961	0.229977778731567	0.136928327206859
TEAD4	0.397769485484206	0.139498054677539	0.0521469334958944	0.0755749722848978	0.0387259167838294	0.117101542831727	0.124291975385595	0.0659038321280914
TEF	0.303720222544645	0.236934017988359	0.107435165241387	0.0747881136290549	0.023345323207335	0.0678560281790216	0.135831175720398	0.110805744450632
TFAP2E	0.0478728300102162	0.0387565851940983	0.0222445765627132	0.0289269987883041	0.0130119344040152	0.0830926656141711	0.0945955564470589	0.0283807633490369
TFAP4	0.194685657202511	0.119936761603658	0.0735569238066858	0.0367400226350537	0.0124321140839324	0.0576635897155462	0.10615390716218	0.030861864682361
TFCP2L1	0.0435189768540225	0.0384069766552667	0.0397340244497925	0.0509774558995676	0.00624160120707873	0.0301173108988879	0.0400570346965174	0.0323068296362352
TFDP1	0.338177452933451	0.204037937819048	0.084031050279979	0.0630556324401409	0.0605620813659873	0.0970166177808569	0.186534514150659	0.106475343318523
TFE3	0.243977064830823	0.146131445293127	0.0679963070241076	0.0608998497920765	0.0316936162815435	0.0889236723552398	0.146917785009244	0.215072981928747
TFF3	0.293818355874328	0.198546316949762	0.0839642629228815	0.0652367438817432	0.053713036693928	0.106174561980548	0.200992155320816	0.163546586453067
THRA	0.0502765391455468	0.0304559863040093	0.0236438276763278	0.029546393596614	0.0116340813109722	0.0506208064181506	0.0732309131428974	0.0464710918925187
THRB	0.28184677148137	0.196290494135856	0.144075842671462	0.10278180861337	0.0301422498126164	0.0901514459089903	0.148599238909191	0.135854801786596
TP53	0.265593011866647	0.204622066933892	0.0762768409466245	0.0522858145620685	0.0736585295624671	0.10789145793423	0.229908666112628	0.108723494213025
TPI1	0.29347494669773	0.201219550752572	0.0705907462769003	0.0458899476732267	0.0696563496448737	0.121864994266818	0.2293768216882	0.105070561744224
TRAF4	0.029038387075443	0.017601579387407	0.0178783742544171	0.0240456746431257	0.00818351911295778	0.0273978383973702	0.0331769398088024	0.0272456479830125
TRIM28	0.274586422541077	0.162854669617337	0.0845242196493708	0.0635586182084922	0.0671400305512614	0.134401228100527	0.252961826074268	0.116688773706093
TRPS1	0.153489321175047	0.155944696529848	0.0516498337012011	0.0198315243118331	0.0619820819645753	0.0333611906776182	0.224851430073999	0.0413093141157898
TWIST2	0.163636872576266	0.0731996762344463	0.0557489834094875	0.0463908352083892	0.0150132108377173	0.0854647694591798	0.0983001865131518	0.170901276088872
UBTF	0.278233012073249	0.166430445363531	0.106020028622064	0.0763114346618033	0.0506999867284157	0.120726536155238	0.216031445547444	0.137539141581419
USF1	0.283614836903568	0.166576170546702	0.0754152407707714	0.0679556921435825	0.0617505016274262	0.111520270331966	0.221187811302418	0.095370280802991
USF2	0.309756997165334	0.193616766931139	0.091024477332885	0.0664527512672027	0.0445938852491752	0.124879017893488	0.201483543868686	0.103952424907905
VPS72	0.209214592854726	0.154468442683518	0.0755994524316306	0.0543463176265501	0.0656820418895775	0.112261000904172	0.212546745723687	0.139571436072706
WT1	0.307356197730394	0.177525695982177	0.0736503068072438	0.062131112834988	0.0340590068715151	0.11119455614385	0.170674699281839	0.136412701837099
XBP1	0.306876758470502	0.225347473838495	0.082000937813454	0.0584197294723047	0.0525826136898537	0.103973885520462	0.201375349825535	0.120932984237941
YBX1	0.318091543783264	0.22353422362758	0.0766501862617325	0.0573661157652067	0.0575535841332911	0.0989293386027656	0.194117794696981	0.12744475221068
YY1	0.297631685527933	0.187869081929777	0.0882021559689721	0.0672936855968612	0.0567153895348789	0.119559798454369	0.221417275409282	0.121575333676654
ZBTB33	0.107292422067897	0.0800951286965785	0.0885734535791206	0.104315660547217	0.0110273741719094	0.0677113466171085	0.0812514088574535	0.044739930978268
ZBTB7A	0.322336096116995	0.207939404697971	0.097126996674134	0.0706636580542604	0.0414894831913457	0.0901704095332756	0.17832487220232	0.140287471665712
ZEB1	0.305540993354382	0.159662931188652	0.0861343500028726	0.0712499211962919	0.053887617564643	0.136901845827063	0.225998243129371	0.113702069254592
ZFP64	0.0301171186256375	0.056359540229204	0.0124261545025203	0.00975012941359521	0.0119112366678769	0.0215636055818431	0.0373832412219606	0.0504755958221964
ZFY	0.0295703440553003	0.0151350694344412	0.0196160248101677	0.0229281965848193	0.00313464675955788	0.0229182988970797	0.0187063844541102	0.0236254130399627
ZNF10	0.0523577575846491	0.0282158601364896	0.0324199551794311	0.0361300944835151	0.00578179003436663	0.0159181188174202	0.0290083533698124	0.0359887693611716
ZNF100	0.022353341216547	0.0186896469225669	0.00474440222287476	0.211122900871355	0.0104838484561727	0.109950239407229	0.0347173424713296	0.00899373286941196
ZNF117	0.114987921928556	0.061461407577418	0.0389451056475156	0.0431488863345607	0.0161500031169541	0.0560101618061195	0.0856323437873879	0.076588467817608
ZNF133	0.0851829473700602	0.062538418311252	0.0242663583272897	0.0329514470343296	0.0139025906710346	0.038464936224893	0.0483324983097599	0.0495644879988304
ZNF140	0.0182041925648881	0.0264886591567285	0.00761489573718321	0.00949299402612369	0.0156300676367309	0.0203034341194419	0.0469867904052905	0.0162297260355744
ZNF143	0.0626898283004501	0.0371615089482449	0.022185611835791	0.0400271366413414	0.00569201388092322	0.0319768137277087	0.0342353604280419	0.0457086344478306
ZNF23	0.400391109519395	0.0917141558312734	0.0505460699617779	0.0801026548390168	0.0491378701996441	0.11067259653157	0.131393302136212	0.026499786918932
ZNF234	0.00751800793446977	0.00441639469830002	0.0121116021695901	0.0221453665135494	0.000759756132944656	0.00219601844856621	0.0022055764292821	0.00897760969767403
ZNF263	0.0966559990033493	0.0508058322187811	0.0262591015164541	0.0178406068265485	0.0109834388827362	0.0579184842586583	0.0438567646349497	0.192624310042451
ZNF274	0.314244381625113	0.177746995802815	0.0778494711568134	0.080678034915583	0.05562596582041	0.129137504674274	0.198547549072473	0.115624783126922
ZNF281	0.28495664751794	0.169934861540502	0.0767351010323842	0.0651627028973227	0.0568608986550172	0.149646487261418	0.236000127122922	0.106701347732104
ZNF30	0.269775487886532	0.0931592132693364	0.0606595057956649	0.0515443623828291	0.0246823174811683	0.0788629665247362	0.0896301930833269	0.0758149736476773
ZNF333	0.153330830694384	0.0920028024483652	0.0886158866151536	0.0824320712973712	0.0170305760185712	0.0699743506779928	0.10006855190546	0.194508053308259
ZNF354C	0.176837014209595	0.117561986988373	0.123623174589681	0.0886341593609172	0.00863802722481866	0.0327890301229338	0.0754536180687219	0.112993313627164
ZNF362	0.286310554697621	0.185706610850424	0.0952933675510544	0.0672898246379936	0.0488357506626924	0.105372038386579	0.214396558056411	0.0949614403367501
ZNF382	0.047026984137357	0.0311078041940464	0.0369880296187418	0.0909115692870951	0.00555264045579906	0.0198385054826145	0.0183347209200457	0.018582276200679
ZNF384	0.325231378415436	0.195823544012605	0.089859888588069	0.0718990282438554	0.0405401081959212	0.0993177152266905	0.181948567462288	0.11070934089361
ZNF429	0.109687987210513	0.0585603790319688	0.0589194745934332	0.0352990457138417	0.00822195973695994	0.0391592710042126	0.0614730385593921	0.130406301398126
ZNF440	0.122413024905976	0.0937551737499874	0.0396632460911098	0.0277283876854885	0.0486305370755665	0.0591934587367232	0.110367452669234	0.0629628858956013
ZNF460	0.245492875813709	0.14236175647348	0.114116575900262	0.0928043222612059	0.0366236285303414	0.110559192692153	0.185878110292155	0.134816328956187
ZNF467	0.318715297951862	0.177200074689602	0.0801980399270228	0.0599472205924565	0.0550990772155598	0.127568414486085	0.219591013477157	0.1129209326937
ZNF471	0.120368802395592	0.0651931329934896	0.0705296318031819	0.0570586673454982	0.0121490795854734	0.0528393424705992	0.0992515436635789	0.0421672595432185
ZNF502	0.275519730911848	0.13520786254842	0.0871652614815825	0.0610335647674259	0.0464358753043006	0.128952823090167	0.204990661695363	0.137567406234242
ZNF551	0.0718459061054423	0.0576967122178185	0.096401599168271	0.0909696044650496	0.0110790267492559	0.0440371894355204	0.0507353875000257	0.0363093917591479
ZNF554	0.0813709167658636	0.0455045689448037	0.0386921582580534	0.0280194973141104	0.0081793504635197	0.0413117552428804	0.0537033208055917	0.0464155273043284
ZNF559	0.0105621885376211	0.00929363439901443	0.00604429392543882	0.00751331082190088	0.000433105596592931	0.00794056539484234	0.00516708754390927	0.0141838984314946
ZNF565	0.0917727278899796	0.0524145741697841	0.0184560235573532	0.0464620697458208	0.0113191997896511	0.031210448577604	0.0297767933502499	0.0194361197044888
ZNF579	0.110071199952847	0.0754229549108262	0.0486717832599001	0.0421239668005502	0.0159536378941516	0.0578397786693663	0.0941192177065145	0.0595049343781482
ZNF583	0.109991107075968	0.0869543229297662	0.0610867509240672	0.0435871820882978	0.0365368686624084	0.0467625602118066	0.0840151006588997	0.0761417542548766
ZNF605	0.285649982846644	0.0718833479386678	0.0260159103711586	0.0292890928809454	0.0125251709883014	0.0582217444250832	0.0528733739094449	0.0492831537240342
ZNF622	0.0109043548946768	0.0178702594359206	0.0290290641710225	0.0335323571168358	0.000483347272378531	0.0143332244412402	0.00703734843247084	0.00953646733310931
ZNF623	0.271746257778351	0.130213157623651	0.0850307243280084	0.0618482092559026	0.0332082967210861	0.0903081748151426	0.116647034397875	0.154383289402722
ZNF658	0.24775048966522	0.144981857354627	0.108944259688519	0.0687107601193337	0.0453110127355115	0.0910356547324596	0.182583079709575	0.0904029519108702
ZNF667	0.0048547446570093	0.0132963674034861	0.0193181758852737	0.0714281496674832	0.000896893326763459	0.00931236579230854	0.0099889882373706	0.00280950083011555
ZNF672	0.00943965113930156	0.00379996621596645	0.00458328944274	0.00982106505535896	0	0.000429624994665034	0.0020110367718692	0
ZNF675	0.00740025799309263	0.00309006115613952	0.00722365175135398	0.0114630509090956	0.000695442472291363	0.00354356965125602	0.00409091201838807	0.0625779714739128
ZNF711	0.124027300837591	0.0707102347867	0.0435188893203659	0.0314287464668105	0.0627044045939887	0.123629535443427	0.267994066069829	0.109766765535978
ZNF76	0.280974422989258	0.177578031157373	0.0985413367654884	0.0684385151219229	0.0421187747774474	0.122048348969689	0.211166833236071	0.117216303318983
ZNF768	0.107977982189958	0.0927772216282972	0.0326030002313508	0.0252445075435771	0.233929220054454	0.0550993962330251	0.0860552032181585	0.0612000409674894
ZNF772	0.0911060769157233	0.05647849303552	0.0475241083338035	0.0473372357370344	0.0135799584926238	0.0446047707723515	0.098697075011599	0.0554967747089741
ZNF773	0.247949987642409	0.140450618801503	0.03973868510652	0.0305160749127378	0.0606244163554689	0.115459608682431	0.231111863085479	0.0548189251560522
ZNF782	0.148992632570815	0.154706234019968	0.0715502767571995	0.054726001454122	0.0274146140320243	0.0467435979696995	0.145547862369706	0.140476516581728
ZNF79	0.0285133873821894	0.0236720022358268	0.02215168540898	0.0127583790311451	0.00732146695042124	0.0141981537992345	0.0270404338813334	0.022233191938865
