Non-classical monocyte	Classical monocyte	Inflammatory monocyte	APOE+ macrophage	LYVE1+ macrophage	AREG+ macrophage	Cycling macrophage	cDC1	cDC2	pDC	LAMP3+ DC	Mast	Megakaryocyte
AHR	0.0752679762530234	0.359512089070731	0.077406510361907	0.14091606657121	0.12371466399401	0.0442558784462855	0.0327263724737668	0.0314230047605667	0.138518053027545	0.0293344723738714	0.0238892726725197	0.118952183896745	0.0105878666106948
AHRR	0.0581417209651585	0.268526747378462	0.0527744994638402	0.0995426115353923	0.0769931920756237	0.020218626600488	0.0180225185457479	0.0120004721160176	0.0506309550173693	0.0231674421048013	0.0101049455528863	0.0632814181246323	0.0138065023339399
ARID3A	0.0785627463132113	0.322116317386582	0.0743136659049864	0.149472836720157	0.118169780242673	0.0570564264762312	0.0340052621138822	0.0333343263626169	0.14439663237979	0.0361094566643313	0.0237911038281	0.0842650101250574	0.0116240551947571
ARNT	0.0779158772076903	0.398185751874125	0.0713268818981909	0.125624468976788	0.105667878569139	0.0428584509781431	0.0194339285488409	0.0175323369501327	0.0941235332594225	0.0198770580453284	0.0157667593120687	0.0940026121929916	0.013649724233158
ARNT2	0.0534699090567663	0.324192934125749	0.0859364893269355	0.136198673564128	0.0822061338301184	0.0344158764826427	0.0278041644162904	0.0292640074456854	0.126925623041078	0.0380036918890607	0.0698933829625145	0.102895207009117	0.0105548816650618
ARNTL	0.0746067954458777	0.323788733715357	0.0731908361547162	0.135327113618314	0.115317792573186	0.0499924164205043	0.0280157781279006	0.0276063761603764	0.141813383712774	0.0312883429264846	0.0261099994185494	0.115812830447197	0.0086677872036669
ARNTL2	0.0788325973419395	0.377783261736615	0.094262230390262	0.152814122333193	0.0911537080186431	0.04049109264063	0.0331262678881059	0.0383417357693053	0.139066207879211	0.01994374529514	0.0402476344004404	0.0896934507381656	0.0105389792343108
ASCL1	0.0250912801461133	0.0809765263847715	0.032378589048068	0.0368576909926422	0.051190015336662	0.0179474257063009	0.00930727979636115	0.0176142535788774	0.0362078121597178	0.0169570638601056	0.02287682943975	0.04329065938595	0.00421490560421056
ASPSCR1	0.00110805245818268	0.00552553944049772	0.0035225072213293	0.00495833930226453	0.0112511194609487	0.00174231392924262	0.000646973343955914	0.00010073317462056	0.00447070823864393	0.00538222631169849	0	0.00241509280345831	-8.88178419700125e-16
ATF1	0.0697713324430648	0.340855538779616	0.0845549199633384	0.145300194161597	0.103527835822186	0.0447826036719293	0.0318987547407792	0.0322503342084202	0.139099120627693	0.0277353383301494	0.028271296802894	0.129742546610986	0.0111550987844657
ATF3	0.0746386075771593	0.339642435098081	0.0915619514418693	0.170607618916505	0.124722063916229	0.0463361109286222	0.0367785121657886	0.0322361951968094	0.146723636689167	0.024716854635098	0.0254157369677747	0.102853051868216	0.00965813918870562
ATF4	0.0790493228473799	0.369790531685343	0.0863895756840342	0.145385145348633	0.102618124986062	0.0413647094780939	0.0338267426954509	0.0350886195502218	0.143511872965626	0.0273180558738851	0.0291413740456986	0.112469090906866	0.0115115749488174
ATF5	0.0758036132000959	0.314573267350121	0.0968762185244985	0.162010599578475	0.14775507056664	0.0357045578599501	0.0389807522163362	0.0343483204388385	0.146354948100049	0.0253928139481352	0.0307155839432303	0.0934086215979191	0.00901612621347803
ATF6	0.0783463135101986	0.37547409082896	0.0859931400837073	0.140395352394709	0.131372563249623	0.0530619321872077	0.0245932891771313	0.0215604711671946	0.11332947409376	0.0217624321536986	0.0217325507295885	0.0876160896692214	0.00930398072831307
ATF6B	0.0634425533297779	0.226995922153547	0.0421167751016529	0.0769314833340906	0.0932785206997936	0.0322715102841232	0.0132872945210094	0.0255170208811786	0.0719234049592361	0.01610071424167	0.00378986699429185	0.0154886746326893	0.00513856418943082
ATF7	0.0692201967094895	0.255373816225386	0.100890553551664	0.124629432199713	0.0805438458898394	0.0404370878367386	0.0278706633307599	0.0259530686361988	0.114748841599963	0.0138718163883498	0.0197340278608303	0.0317419552470225	0.00490030860310375
BACH1	0.0837648430488798	0.409919858044082	0.0865235761474081	0.114914589368259	0.110179869287139	0.0392342760659845	0.0243295279935256	0.0255163068431489	0.122796547295776	0.0236044816123814	0.0250414709389144	0.0974807663397349	0.00833167815402369
BACH2	0.0286509612497038	0.17007181955676	0.0726618408265923	0.133492500216845	0.0761587345776313	0.02995354725305	0.0340709485766767	0.0366376205106332	0.146564425515913	0.0218242664307116	0.0630518812821452	0.110503915013559	0.0224931030797151
BATF	0.0710762736537933	0.343650784077588	0.121254631933345	0.156332275655766	0.0983496748111674	0.0389216232657857	0.0325435077139039	0.0320971913075873	0.140315506342102	0.0244953146409206	0.0342005032484988	0.0980192213278468	0.00946878692332798
BATF3	0.0398557606393446	0.186961432246682	0.0618924672141516	0.126707849812301	0.0425715839607316	0.0338862737738815	0.0338631672533325	0.0907081552300877	0.100124400298977	0.00266831910178911	0.0105759544248744	0.0368016334622671	0.00741522860906574
BCL11A	0.0784336994821347	0.357987732610026	0.0892838223541021	0.142770451441544	0.10689085805418	0.0416293340963688	0.0332473350847264	0.0317401128213776	0.14625807003409	0.0542952536761032	0.0275724680290296	0.101625281292707	0.00999680192820973
BCL3	0.0800372250359012	0.362760828913938	0.10156582832077	0.142288782308779	0.110467488219471	0.0414067192496819	0.0309353035295011	0.0322039589392691	0.1472223530039	0.023836644718335	0.0318313251075995	0.0959665101759393	0.00960984599688308
BCL6	0.039221279631406	0.683748013377666	0.0724134400727532	0.0152234410106371	0.0145702090127442	0.00625317106694667	0.00426648561252962	0.00758982335395442	0.0287774387991208	0.00344736706511939	0.00246380898842014	0.00358291679229461	0.011359004855687
BCLAF1	0.0810764823445654	0.391689916786898	0.0798908496384474	0.131848090853848	0.110056310094978	0.0418563299445648	0.0316527889338374	0.0305336388447668	0.134379154483904	0.0283482103636709	0.0233699789544802	0.107628456558888	0.0104140952603524
BDP1	0.072150872012972	0.316255526402946	0.0519052141789133	0.0845763749743595	0.104239632634838	0.0391901019167005	0.0279530655875035	0.0227830947330553	0.109750403142642	0.0307617409601321	0.016056438712598	0.0836754629193744	0.00646879351650154
BHLHE40	0.0768722459797408	0.350046053957115	0.0898389542564102	0.147349284155211	0.118719846451696	0.0434746347276113	0.0335449895016507	0.0333661723842039	0.149915576110511	0.026855943896995	0.0281583485797807	0.11453395749159	0.00898656430539091
BHLHE41	0.00173056181240516	0.00571964298051919	0.00696531091746344	0.014490673003534	0.00850699017044843	0.00811596588989738	0.00600388523253825	0.00501557347704684	0.00620523046302701	0.0182763348636146	0.00513713177966357	0.0174679038648327	0.00144227329290691
BRCA1	0.0701830831972063	0.35929026346688	0.0754519353794469	0.144779021406841	0.116159133062771	0.0430621120641237	0.0493380594491881	0.0312389251959228	0.130043689295299	0.0314539309685726	0.0223941447417997	0.122321091441351	0.0108044796156391
BRF1	0.0802388477112482	0.308822425385911	0.0762186879487315	0.111711468824714	0.101216165780894	0.0383520699569013	0.0173168105796666	0.0191222949698391	0.0857506161803199	0.023409391324169	0.018096624964399	0.0954081984653533	0.00958223889890486
BRF2	0.0659858087000611	0.311392864882166	0.0835384956335928	0.137288938107994	0.150181843576436	0.0319260004630142	0.0451012956181838	0.0338917000462444	0.138197630945264	0.0203683017811573	0.0279184935907205	0.116242783946496	0.0111888483259077
CEBPA	0.0538203970306538	0.313175088841507	0.06368542654959	0.240139298515246	0.117062819251899	0.0378563692591393	0.0377111845012879	0.0150153933032678	0.0879444080140712	0.0189076990136282	0.0137549984569687	0.111205090002492	0.00636543921615584
CEBPB	0.0764184029463002	0.358518880990085	0.0944000523288062	0.165464185795674	0.124192775195665	0.0464193673100503	0.0351111054779666	0.0281056697648266	0.13684426457043	0.0230117800417298	0.0227015413911882	0.0943654298485145	0.00942901242307459
CEBPD	0.0774579307436657	0.375128625157184	0.0833850124916058	0.148848054570125	0.123818414963191	0.0440634198683665	0.0351486819070286	0.0292140154157975	0.138245027131904	0.0244635511707572	0.0222472400261063	0.0972590161709224	0.00922433316807714
CEBPE	0.0761070696775579	0.516275917646397	0.0668672799400772	0.0680884886096773	0.0553252963631746	0.0231726273996966	0.0264778547605264	0.0157430564328751	0.0996580913359051	0.0195736907641795	0.0112034525121786	0.0563500128423614	0.0100661226519639
CEBPG	0.0805687571972821	0.398409752988171	0.119795932058334	0.124362696034607	0.0802917069583735	0.0285472340274991	0.0256539267078657	0.0230010461817511	0.110440214303354	0.0161564399247971	0.037598920207495	0.0827786596853203	0.01566073492875
CHD2	0.0762241373201391	0.366724810647412	0.0800853470034871	0.134457177744207	0.133799137849391	0.0440433627994332	0.0306214031066246	0.0301241060173874	0.133871361092409	0.0283840261569506	0.0247548144121191	0.112902025603816	0.00976166204596096
CLOCK	0.00310483914376902	0.0196714637380592	0.0345754949917323	0.0101571485193215	0.0189535000607475	0.00961254805452927	0.000454446230097716	0.0018172902721052	0.00207311704931279	0.00561512952000132	0.000883799951347575	0.00280605832574787	0.00180805086876468
CPEB1	0.0660892845408139	0.298759474743533	0.0988846626513309	0.171345158670728	0.107998363004597	0.0465134945109554	0.0344682480175017	0.0351793114312174	0.131080643433019	0.030968296567693	0.0605302617258936	0.118497464234472	0.00915094418312523
CREB1	0.0758333176433712	0.371940269110662	0.0824050847670206	0.149295496393659	0.117546832438185	0.0415771324781019	0.0320467057417565	0.0298002371817777	0.126013331203011	0.0249083129067706	0.022795672756629	0.119149420627952	0.00976029372060927
CREB3	0.0273710258472363	0.176619957134188	0.134139251023126	0.154941556820041	0.0946889257703216	0.0502748849996749	0.0289729210862263	0.0629140968456553	0.11340105270791	0.00989471419252486	0.0545793779967146	0.0772121119149125	0.0115094116961637
CREB3L1	0.0519481186877322	0.158857375185975	0.052417955346433	0.0698248974994883	0.114847369682517	0.0230974373094097	0.021141276519007	0.0328615993071688	0.100248745035832	0.0256110716779583	0.114748301570288	0.0681358584087476	0.0055935381608534
CREB3L2	0.0525020054780853	0.277081135405939	0.0642424826624278	0.14509716880169	0.113264828359006	0.0342522035295542	0.0286721713481993	0.0210727612677031	0.086559579409977	0.043732699912908	0.017449647889737	0.176843652874069	0.00931528755289679
CREBL2	0.0606018258586846	0.249120615849832	0.0881979579153688	0.215768508282367	0.161479904579725	0.057929898487329	0.034102099600305	0.015592329572034	0.112676556102311	0.00880527675937004	0.0218437207505718	0.103321043106066	0.0115771819298749
CREM	0.0738649553992013	0.338154757333913	0.0939965002507288	0.169330900804934	0.123505204365781	0.0474856161126882	0.0354793296969816	0.0325692321008623	0.144347233495919	0.0251115072073406	0.0264859445502137	0.106868843646798	0.00954987960782006
CTCF	0.0710592380451212	0.344053538952654	0.078275751366425	0.139864647372495	0.140708102895562	0.0424569352849031	0.0403652773830766	0.031437090370978	0.121568874421433	0.0285228183629381	0.0270437522841254	0.130382941473855	0.0115236419668245
CUX1	0.0957704792588214	0.399060559943834	0.0758961219622547	0.128132735232674	0.107884591705973	0.0387746690202434	0.0306655059337437	0.0310500734150718	0.133026758619746	0.0286665049950396	0.0245672762916064	0.0949923692897852	0.0110530291585581
DBP	0.0696121038638966	0.284084430407439	0.0775550028807395	0.194946779063004	0.116280230724225	0.0421713920134983	0.0369320988891142	0.0269104723655013	0.11573958990912	0.0271967890875027	0.0282724825389367	0.138481845117367	0.012174452086974
DDIT3	0.0636087986267447	0.325864724280438	0.0910289779276078	0.155933601995498	0.134290141469741	0.0485783891293108	0.0346164335935979	0.0284817639178684	0.139607149263091	0.0238633086380349	0.0246886045245666	0.131086594763813	0.00806456344211581
DLX2	0.0431910463173881	0.251993292476443	0.0517385057522058	0.0515093121280711	0.0877106379512266	0.0325853311311062	0.0165137510692677	0.0252125555495231	0.0935755841509202	0.0462209143548401	0.0194334456598138	0.0620605780941499	0.00911717450866045
DMRTA1	0.0291472861395049	0.187198022484031	0.0645346486103745	0.0532142783551268	0.0715982296487985	0.076143185534738	0.0215093966609488	0.0165837342034972	0.147216803592352	0.0211923658541684	0.0068265922674785	0.0617322383497276	0.00401771899093273
E2F1	0.0720358133063682	0.347795718219306	0.0816303149470263	0.163604277620435	0.100366828055676	0.0407939025101821	0.056537023544366	0.0344457864981891	0.132109975063431	0.027889283638922	0.02520921359448	0.121355837370113	0.0157074021394182
E2F2	0.0831164176838215	0.373103606935476	0.0724631550414926	0.137192654902016	0.0856693627148473	0.0293828190554866	0.0655024700464638	0.0310873220245609	0.107022368016923	0.0231063799104178	0.0231733514855055	0.115512759916548	0.0123918459036987
E2F4	0.0861241394305882	0.362807379657355	0.0904656299311885	0.162763338420698	0.105658955833128	0.0376783131525225	0.033828049610035	0.0348324943908799	0.143518829304492	0.0212593159883229	0.0245762671075889	0.0885570818124094	0.0113590229688875
E2F6	0.00811927684422376	0.0229915437507693	0.0132470267775829	0.0204311792491735	0.0180034723915095	0.0135606994476931	0.00464199890076333	0.00618364572962093	0.0148184613791612	0.00310663473694406	0.00546130128598199	0.045509739955463	0.0187022253862743
E2F7	0.0690147842480304	0.342282196668537	0.0709879847708441	0.14132194919083	0.113301205061909	0.0397578552735894	0.0572592345794555	0.0311913103529083	0.128445165922909	0.0262875730707721	0.0208597815907923	0.141272708529315	0.01045245329956
E2F8	0.0677614771492038	0.324078681328394	0.074376674792448	0.143526127096584	0.124494702583988	0.0439314854844325	0.0776373176081238	0.0350730451121355	0.139471783003359	0.0318091332447845	0.0249446162986204	0.127808962178083	0.0105575423373457
EBF1	0.0209571476451155	0.0938836188262093	0.0334348314756533	0.0248028716776169	0.0279846486015876	0.0165265985590617	0.00630691916223947	0.00853314850318365	0.024420808637926	0.00798106170739288	0.00849614381550345	0.098111456600193	0.00742402493886674
EGR1	0.0782682219048213	0.347631753470406	0.0854537678273843	0.159055592568369	0.11716169142545	0.0426341421609528	0.0356929109833094	0.0322152310011283	0.143487410264568	0.025106146034506	0.0245246065155363	0.121307093614162	0.00917034397461647
EGR2	0.0223091807901494	0.165321011944416	0.119245221636033	0.172626300673125	0.0784874127129874	0.0380816997109208	0.0260975964426499	0.0162705237966985	0.0882913839611482	0.00843194052681828	0.00942809882965556	0.131737346117057	0.00607180255516393
EGR3	0.0418418430136007	0.272043718361755	0.0955859487069532	0.179094809506686	0.0860307489754157	0.0369208506432847	0.0270401060324992	0.0224992431793678	0.127165954121669	0.0125901758393552	0.0126869771372824	0.161570828187737	0.00640257104260999
EHF	0.0747999748995686	0.329397914423652	0.0852990356156932	0.167549513091926	0.111810882330416	0.0437125450884974	0.037964834983012	0.0496105068435209	0.165368161564779	0.0263561078832246	0.0343146170483543	0.0922396584377275	0.0101112752612483
ELF1	0.0786863495299316	0.365645660366568	0.0822200381976917	0.142105407196709	0.119014036273715	0.0450502763480327	0.0323485181128176	0.029963448051876	0.135305764411036	0.0268338324127809	0.0235749577237491	0.121014263597307	0.0132085168108576
ELF2	0.0928880164426518	0.400605971844981	0.0735646090758092	0.114016727903403	0.115875910849186	0.0425731039700804	0.0263666409817813	0.0252440084241724	0.126049022406917	0.0273818789648947	0.0220942922072934	0.109116391400917	0.0101862238440575
ELF3	0.0279937824112494	0.216345291722011	0.0448128970880926	0.0749660119630831	0.0593113247136661	0.0222154217614763	0.0155459132809166	0.0177313513106191	0.0478689183187156	0.0223531452195277	0.0132702725716192	0.090293240209402	0.00991401459256369
ELF4	0.0817303714536727	0.422701932948484	0.0855307900537932	0.129422879164237	0.0946235831720441	0.0351383850883018	0.024335078769424	0.0338241883459562	0.11476712828367	0.0242869851501815	0.0231660446068166	0.0902860622249876	0.011409811734017
ELK1	0.0775382045553292	0.355419022393226	0.0949112279646334	0.138021393574843	0.10931621444427	0.0445710340115185	0.0309015619448431	0.0353180436611096	0.145319365394947	0.0282192089543459	0.0343560860446079	0.109908913709417	0.0103732246986069
ELK3	0.0681061227699555	0.465019879344705	0.0846192616553773	0.114918327265649	0.0946478031580774	0.0354767589699385	0.0196988536461847	0.0168940452313742	0.101786077419299	0.0186953254023424	0.0141439238926037	0.0732135249219975	0.0113518545500901
ELK4	0.0796839603617188	0.382566901003034	0.0802997786045788	0.125843723943582	0.106751477249283	0.0426121135396087	0.0276951331198576	0.0302680015225425	0.128812315438151	0.0272946634669137	0.0229892401111004	0.107559693527353	0.00962560583448213
EMX2	0.0616859059685259	0.316622542040742	0.0341849481633574	0.037819350941993	0.0339880725579361	0.0174843648308912	0.00715294089624097	0.00950618737165965	0.0448568627518411	0.00797639320885635	0.0120927943852999	0.0570837749121427	0.00586895663918907
EP300	0.0895061591447356	0.429738449426892	0.0719696169280765	0.118050260697635	0.115869948599862	0.0400911242900652	0.0259746267692722	0.0243761280002438	0.117351465502944	0.0236508884501684	0.0180893535899209	0.0746075228055998	0.0104175458859886
ERF	0.0784571009472259	0.111369122624688	0.118302140043069	0.110565739439652	0.0468097519129035	0.0546676776628869	0.022020198519788	0.00485594393612543	0.0533969882136236	0.00225336830630918	0.0268552874378928	0.102322258119205	0.00205091667820456
ERG	0.0319065371005112	0.0812477691588878	0.035053689218717	0.0672045702512055	0.0539759749673351	0.0129022547238372	0.0116158373209816	0.0135700844408532	0.0418008141336287	0.00927829534196056	0.00938475423416485	0.302406445954254	0.0215663072090367
ESR1	0.0291818136881192	0.109959372433583	0.0604181557891068	0.0741965802571014	0.0634633382263272	0.0301867770126749	0.0170642978575133	0.0220549387425437	0.0666641944137635	0.0167706148281527	0.0436653438651324	0.101278014203499	0.00865609667350331
ESRRA	0.0698968667770254	0.341203521225717	0.0864557328541372	0.206120180232551	0.117427590094811	0.040063268577017	0.0341192944150238	0.0264814361151696	0.111334388268816	0.0213306770084785	0.0209949845710239	0.115531161383103	0.0118746243811553
ESRRG	0.0204449183091918	0.0993306304727305	0.0411243448897833	0.0785640549127148	0.0488317587666489	0.0266847361650191	0.0122232339608416	0.00189698637795532	0.0150565652442988	0.00943714749661551	0.0049401621361016	0.0215734062831332	0.00337165337691425
ETS1	0.0790076390908919	0.37561422256375	0.0733823420221444	0.13497428905535	0.118325947831054	0.045852331499772	0.0255492783899354	0.0241276117781954	0.104756856677131	0.0288382818235789	0.0270962162049001	0.123545339949667	0.0138622234324309
ETV1	0.0693217682272876	0.219393034133412	0.0591777595712401	0.193255429488533	0.242587925409198	0.0380090112010847	0.0415684678109244	0.0123221531426154	0.0810234402673543	0.0203015230096185	0.00833690834590139	0.0709346935730062	0.011558284138202
ETV2	0.0685494084539958	0.350038751612489	0.0702678654563832	0.135790600685334	0.0852241064353773	0.0329014776118871	0.031081265041993	0.0337237612317211	0.119595718377499	0.0632570792669499	0.026631928756671	0.14379653666053	0.0162347250932836
ETV5	0.0753910070888797	0.330876123530102	0.0846251013107214	0.215272064088282	0.127941591053711	0.0456037091270246	0.0405449747577448	0.0268293846964772	0.125729331735497	0.0209002210961523	0.0177943548013482	0.0914871225139147	0.00926018501907977
ETV6	0.0823890041239155	0.368646392056472	0.0832511610279763	0.146165300995117	0.108926803998334	0.0413116603018431	0.0346687058116699	0.0369756096473596	0.149384537934654	0.0295987400543719	0.0265201709368087	0.102154691201538	0.00960827393878916
ETV7	0.0824565803070286	0.338147881856611	0.119854903142888	0.155233813599662	0.107285411640135	0.0406101170925602	0.0327645347144425	0.0348087903574178	0.147868979881083	0.0209511003316682	0.0396729265741818	0.0891756028512745	0.00965112995177619
FLI1	0.0984095616956098	0.407385057339436	0.0747718893645565	0.12891552875373	0.1097156603314	0.0382533362302454	0.0283925599010099	0.026745234305896	0.126103720134834	0.0235744411499929	0.0186259485769177	0.0958169490274774	0.0150898700771289
FOS	0.0845430278680888	0.428229462919049	0.0732923604819234	0.115359836923465	0.111033624443156	0.0356405845893437	0.0265406667430493	0.0241584785002279	0.124737034669151	0.0221853880672445	0.0182601491963561	0.0962227751538092	0.00929660614314776
FOSB	0.0750890505267144	0.370989928056598	0.0866958607129463	0.144164002541123	0.112963226306192	0.0429608727595934	0.0317478084478146	0.0299402758010369	0.139481907672262	0.0250778062092991	0.0241485702903034	0.116016255471563	0.00946817528217836
FOSL1	0.0785424290772129	0.374644340396048	0.108078951654996	0.139870432361905	0.101622068342573	0.0401868193271377	0.0283813610775997	0.025694816285356	0.138847384872631	0.0185717892003314	0.0239750859628551	0.104533173039657	0.00914757805746713
FOSL2	0.0715828136808687	0.369925327382971	0.0993733106823773	0.145115332448092	0.114878866731412	0.0488879763989917	0.0289325198828777	0.026928341652818	0.139170694468894	0.0233916365787636	0.0247489122860237	0.0992504602135795	0.00881711275668451
FOXC1	0.0564386575487809	0.289507878350623	0.0755057326511286	0.136883412448482	0.0993200557316019	0.037363092083299	0.0337945388927494	0.0328854115138086	0.117154488265263	0.0276654438910182	0.0493225174633911	0.12407481790444	0.0092772503609091
FOXD4L1	0.0535817367348552	0.310831549471421	0.103360185097544	0.131560252151146	0.103857111637744	0.0425082482596895	0.0257041984411508	0.0255076031551381	0.107340603040867	0.0161597491573138	0.0506629544139638	0.137525371816865	0.00721870895787036
FOXF1	0.0219190336897692	0.102451222911144	0.0435523775047797	0.0774736224757882	0.0345174590004944	0.0290944147276477	0.0129734902218916	0.0165270215071794	0.0364967396058861	0.00789974718460307	0.0147027382823118	0.110020215944848	0.0166614614612348
FOXJ1	0.0508459029487557	0.204905317062917	0.0669922855629927	0.173307603115208	0.108262044537776	0.0428512627240824	0.0452281841409394	0.0329847965841773	0.132018312442873	0.0272320865859434	0.0293168912180383	0.197045287463621	0.0143924100413986
FOXJ2	0.0217363152634477	0.0758475800782454	0.0175227174062481	0.0153606067162825	0.0257067731365943	0.0103902646320132	0.00491505006858917	0.00861550034000347	0.0194713623202635	0.0105680617486766	0.00752958036841234	0.0426313421289676	0.0806951000234954
FOXJ3	0.027985524073276	0.0883338162643722	0.0218925917529429	0.0302599100607228	0.0472232188150553	0.0182535490568755	0.00817471898804467	0.00986350807631331	0.0231759634785694	0.0119183404692285	0.00831478649600825	0.0273522316129562	0.00483172338057369
FOXN3	0.03749780165411	0.133802020498233	0.045347006221952	0.0789130829291752	0.0853696043615878	0.0311699645404268	0.015160385343428	0.00908111685091217	0.0654219684186736	0.0120084445000699	0.0187257225858747	0.052751041840816	0.00383928935681976
FOXO1	0.0733159067772076	0.346667951923498	0.0934967470721868	0.131239180502939	0.11021889973953	0.0493420782624121	0.0211982815901334	0.0157496644608629	0.100470868429719	0.0164624407535665	0.0321814797293016	0.0920716973077188	0.0122554244067891
FOXO3	0.0741658721282572	0.350429286391887	0.0842292917126554	0.161420014760402	0.160241136310201	0.0562794962514375	0.0299595309484971	0.0199146659270479	0.11354892275141	0.0208668893476535	0.0214226409040261	0.0942475511596083	0.0111756175658352
FOXO4	0.0801787370248531	0.366820322440745	0.0654386452024799	0.079262807081915	0.0990296942587752	0.0306598884853433	0.0254417594632869	0.0259879930759763	0.112294013347177	0.0319877026668732	0.0265500874740582	0.0915430135560552	0.008323466206692
FOXP1	0.0737869839875678	0.330119790273562	0.0798938339387615	0.133006123383524	0.104441016688189	0.0437808508693304	0.0260981050100858	0.0288213310552439	0.120266054716767	0.0244335822144484	0.0347767607994173	0.192855447738332	0.0123585677174293
FOXP2	0.0565463274444493	0.263255614009438	0.0635663031090504	0.130868213469831	0.144798018809512	0.0377217710147046	0.0221977074658518	0.0159970078689926	0.0767704534681892	0.0156400221084614	0.0123702336731757	0.133820934347537	0.0120521844291519
GABPA	0.0718095946619474	0.345902792642253	0.0845288303669778	0.159175422450902	0.131947832468582	0.0407315601726725	0.0375170735022604	0.0326598787083683	0.124520525056011	0.0236782523557881	0.0237863632242873	0.113795258254912	0.0120150352787777
GABPB1	0.0762076822059496	0.348058930220885	0.0840175389440535	0.150334003628581	0.100633722041783	0.0512499539568391	0.0360622261903235	0.0351781643324154	0.154890291721199	0.0268455873195499	0.0317662844892986	0.119509999396151	0.0108052154324318
GATA1	0.0673977485159093	0.315766034344142	0.079944580282692	0.138944749058241	0.0990174051530432	0.0385930936527086	0.0285835595956174	0.0320981927228181	0.118396725612225	0.0214222526906613	0.0243498251572007	0.207453816702035	0.0421966262553333
GATA2	0.0441319615523214	0.233278318447801	0.057404469234264	0.11600008225504	0.0703214544514179	0.0302792784337534	0.0211806093949648	0.0194931731011486	0.0889405230640533	0.0189926376606084	0.0166304369626387	0.394046443053108	0.0186920427866318
GATA6	0.136628444172787	0.241954377992626	0.0575621956424399	0.0764227972584904	0.0562192986880379	0.0251537252763396	0.0207210759958633	0.0302358683535348	0.107933344394538	0.0199243665525723	0.0216318061445447	0.0684892795593069	0.012700294727551
GLIS3	0.0765841807221418	0.146150255188296	0.0343716480048036	0.0319702782852572	0.0352160030064335	0.0104760816710978	0.00650377899176879	0.00686498657895773	0.029704081791767	0.00757440179384128	0.0371348947725624	0.0208913401549572	0.0232921977720112
GMEB1	0.0485943296148923	0.275483547850116	0.110593795273585	0.148923159660075	0.119182515643603	0.0551181414507737	0.0268305487186431	0.0267723747259606	0.115126759603977	0.0299705586164198	0.024127735472516	0.141335585084347	0.00728938539328083
GTF2B	0.0746221050238938	0.327837013264611	0.0871414608213101	0.159553795323345	0.12064611737247	0.04573776327554	0.0387990130371532	0.0360360355782728	0.154774813820558	0.0268662260053939	0.0267786329125766	0.11988441288993	0.0110464279412623
GTF2I	0.0312223002843424	0.0741207513068834	0.0215506648350945	0.0347894710513951	0.0489756118320386	0.0186377882335775	0.011308717270479	0.0148189280753419	0.0302983124509624	0.00956789631681709	0.0119957326997022	0.024498854334793	0.00453820690285267
GTF3C2	0.0699736762662894	0.35270335406314	0.0742983882919319	0.170135911879982	0.120403877151927	0.043405355140932	0.0279251876838068	0.0272219841613586	0.119965887120857	0.0291854607937272	0.0222244860841821	0.0982405574446207	0.010580099120802
HDAC2	0.0772568093600829	0.346103833281642	0.0793509772075947	0.154145095897672	0.102452368127296	0.0378663954763729	0.0443356094826354	0.0421328320750027	0.156116694232025	0.0305245406569228	0.0269913603338099	0.120583062246332	0.0104287744518807
HES1	0.0715570933096566	0.317940176835943	0.0842311701706765	0.190850565540434	0.118532655163664	0.0453640327770686	0.0435923656978691	0.0358026281634505	0.152044635698782	0.0271983723786647	0.0257347650545602	0.10668863474764	0.00770138614629023
HESX1	0.0335040647415714	0.0293989788585697	0.0171996207332631	0.0166405978434671	0.00770963614802078	0.00392764671763213	0.00588868045465829	0.00275730219661185	0.00967018454939639	0.00756389960988624	0.0120256289554295	0.0370971451291012	0.00705449014190473
HIC1	0.0728268965146943	0.332247510246022	0.0915443793934368	0.1690954680819	0.120685630799711	0.047564919334015	0.0361493224765269	0.036170317414829	0.153391440761882	0.0256816407536431	0.0271100207069671	0.10387562279714	0.0094736997154734
HINFP	0.0371559157567566	0.18231880287184	0.0392862673030436	0.0658908727513026	0.0651377910476268	0.0315025156239688	0.0149978211574857	0.0190739197266602	0.0653075295302047	0.0402756131438335	0.0168955742483224	0.0785508021490925	0.0184612234720577
HIVEP1	0.074498406609998	0.332432531138621	0.0992782477038237	0.141421776531298	0.126395576553478	0.0383464501529666	0.027540340623734	0.0325717092630509	0.136791954302825	0.0369672737532695	0.059386832425095	0.100200543430051	0.0112430289795656
HIVEP2	0.0387339011003606	0.185323941401424	0.0881539743272998	0.084431346268763	0.1221924138644	0.0435597553889995	0.0213359255281814	0.0242524121391046	0.115031423923764	0.0306732022684508	0.0495625391189319	0.114837953991244	0.00812128238141929
HIVEP3	0.0662581212370538	0.301074832771019	0.107234239711504	0.151343516139875	0.0967405580922959	0.0435713737061232	0.023786749231298	0.0241257215800775	0.128649230941553	0.0253871203381073	0.0335183355400162	0.101103478783062	0.008938010225363
HLF	0.0817183217439222	0.347447883722351	0.0839900524620647	0.161617078132198	0.103880807462706	0.0421539444708074	0.0357650739266554	0.0329113363593694	0.139791880679225	0.0271677641313819	0.0249586167973882	0.103410724054042	0.00761015559570444
HOXA10	0.0116931222403601	0.0335856121736341	0.010442692672563	0.0386453707145328	0.0195274762177398	0.0102850693528485	0.00464683424435031	0.00545225685040995	0.0183096303488143	0.0118635133246588	0.00418287959585018	0.424103717616706	0.00752568711062629
HOXA3	0.0491920929576319	0.180542473682811	0.0538602008098775	0.0839544155931797	0.0852703798455891	0.0267056563546273	0.0184283841531402	0.0219277939078539	0.0637995458524664	0.021226278176577	0.0217877531602414	0.2020448521532	0.00685335464454651
HOXA5	0.04881998340858	0.174373743271748	0.0374079632198886	0.0582707200675081	0.0745820235468619	0.0618162190592353	0.0166699998789166	0.0197341895082098	0.0849466401314166	0.0343211774135844	0.0172043217879306	0.0782720721441157	0.00760563145382953
HOXA6	0.0347262113349028	0.187427771581888	0.0548295240874295	0.0859184200638119	0.0485477801972076	0.0281319160135729	0.0149290162733614	0.0211180514809765	0.0501601088902848	0.0154179410299446	0.0171018100077703	0.170689208593382	0.00978056330412325
HOXA7	0.0157248007982234	0.149109997072928	0.0477154350333993	0.0331039794459845	0.0190552910952202	0.0173129496865044	0.00933540529778443	0.0500129548390492	0.0576025428472458	0.0107263871814001	0.014711814448646	0.0384331556946227	0.0133203379512437
HOXA9	0.0508300672532263	0.252034447847188	0.0645583918982247	0.0991205178207525	0.104234884289272	0.0409020307244878	0.0245148907032789	0.0348565215560072	0.0979599410391857	0.0267194348138824	0.0204677020007124	0.25739170409402	0.0121854709272924
HOXB5	0.0463831817878013	0.157660533406552	0.0412768385505861	0.0720855724455002	0.0557958609121032	0.0201904592018973	0.0165586207833955	0.017997974145201	0.051178306866723	0.0141126569811771	0.0266565802760526	0.141306591828339	0.0155209594082983
HOXB7	0.00499350407471422	0.0359438748841828	0.0108405185353569	0.0243128065289072	0.0634072131679755	0.00667224800246702	0.00891140870262186	0.000720539604132098	0.00804984947650711	0.00108512238753466	0.00172052309499882	0.0420787491805884	0.00243607904226184
HSF1	0.0899869351400171	0.399190489111454	0.0713197052446484	0.129099509599991	0.107959394718118	0.0381548710912114	0.0285728658016868	0.0344884121618723	0.123690953546437	0.0256796915906775	0.0204146146264178	0.0927822572151793	0.0109929720251913
HSF4	0.0334879864928151	0.192004657123525	0.0505829478075166	0.139319837158782	0.182996771825142	0.0262799377871826	0.0322189605097171	0.0168992139514254	0.045575160615027	0.0117052702685141	0.0164041571251189	0.107897225645962	0.0375874176853266
IKZF1	0.10399118742003	0.404153518525929	0.079092586974653	0.117585817958609	0.102283769349446	0.0366407226220359	0.0265955272117331	0.0282586105187583	0.135075708559534	0.0283892440645472	0.0251371670347756	0.0907995562061985	0.0110101816147276
ILF2	0.0449647363579869	0.138497931984928	0.0590594376804624	0.0876834040144977	0.0680823127445155	0.0203998263910902	0.0455435778396616	0.0378509208117476	0.119329323176208	0.0453769175026725	0.0221421751816463	0.144258158098254	0.00469079575486386
IRF1	0.0779230668802701	0.347536640447552	0.0994531860343454	0.151936486584073	0.11751602280332	0.0448006327937583	0.033529451885206	0.0328167181253803	0.146361414284277	0.0245434611287372	0.0321289837023008	0.104975817760074	0.0091649477723903
IRF2	0.0908071272990884	0.362345688976793	0.0955292357316806	0.157038409258416	0.11179569701985	0.0430738103156652	0.0323447977519545	0.0332275492748449	0.135206638453906	0.0229898059815333	0.0307750612235627	0.0910357884670795	0.0113203649121856
IRF3	0.0923712807271072	0.325114306802661	0.0866129339458815	0.149358179108587	0.0916146113322861	0.036937015959801	0.0519976239341206	0.0411442953038533	0.152627789017581	0.0302925819190034	0.0232367741747931	0.112907188321235	0.0151734739259166
IRF4	0.0748389018695919	0.326144215042701	0.091126898692902	0.135090562122419	0.113601548983221	0.0495650569303482	0.0295920462505211	0.0304167334164476	0.156473602011671	0.053692066024365	0.040491147575188	0.118642351477568	0.00857995319151783
IRF5	0.104869812372532	0.429599042593759	0.0743925788115738	0.127352439982542	0.0880914509832716	0.0344527801470207	0.027178649071174	0.0264685010605383	0.133369407056484	0.0190973893190101	0.01590662273818	0.0736136527791921	0.00889778714658829
IRF6	0.107082890408767	0.373587833951716	0.0842220588930591	0.149856937981824	0.0784602859008954	0.0428513708016692	0.0325792606740622	0.0190495805752305	0.152481486817503	0.00744217786845014	0.0123888630337382	0.0275329396607474	0.00815907144938299
IRF7	0.0849562160535625	0.355548970121912	0.090220994811532	0.152333720733451	0.110180332533848	0.0432906200849574	0.0336313263529436	0.0324209111991168	0.147184187737564	0.0385662658664945	0.0253412314551777	0.101345718277071	0.0101289820052592
IRF8	0.0805726769347364	0.346192203393461	0.0881373226796123	0.164166850603589	0.120947605234717	0.0444256648547878	0.0364378463418471	0.0391678877527788	0.149448504856957	0.0311390513044629	0.0271848862515847	0.0906674500202107	0.00998338944819344
IRF9	0.0987928159124848	0.388305383320036	0.0852565954737988	0.14284858764702	0.103375621131039	0.0396612014464839	0.0292062964159616	0.0297706569075014	0.136842129688197	0.0246476420808753	0.0234647245047532	0.0883250212446498	0.00964602870448217
IRX3	0.093656078546217	0.250822761484892	0.0677525020500978	0.11268475527569	0.0882957606380816	0.0323311773494663	0.0240615144662895	0.0236839909525969	0.0925313624138289	0.0152978963316273	0.0187538045077982	0.0716966087089222	0.0670331048813371
JDP2	0.0717436622842866	0.407699311119987	0.0885053323437307	0.139139484322045	0.135381761438982	0.0467837882756998	0.0266567215811759	0.0171538613973852	0.108186149830567	0.019217014186479	0.0148380793375514	0.0738068801862891	0.00801607882657007
JUN	0.0720905286462109	0.331728743184076	0.0846026412598083	0.151900330822079	0.143200627463472	0.0447351394893436	0.0375033152795448	0.0297618243303959	0.142851544296753	0.0217335058388244	0.0222213648588182	0.124299037380736	0.00734884505361366
JUNB	0.0847871695772239	0.371629097318557	0.0844390134666314	0.142895444914063	0.112584845404728	0.0416225237229585	0.0322015527162712	0.0302387691868883	0.144163540236623	0.0252732475546592	0.0235138588191812	0.10736234495106	0.00915030779774206
JUND	0.0750192126556486	0.358474815571264	0.086498474001006	0.154984155542994	0.12131541827729	0.043917284753281	0.0357466625448839	0.0315999565647144	0.141395934027109	0.0262624578839092	0.0244150544663011	0.110039959831626	0.00966363600665376
KDM5A	0.078535385124251	0.380595594535833	0.0756420117621385	0.134679633464138	0.126353903684939	0.0441926310913461	0.0293213199565332	0.0290807042002877	0.123928209514981	0.0309930480622406	0.0233520770410023	0.109594230556875	0.0105295520307084
KLF10	0.0824957031218844	0.416009287946632	0.0842413053828625	0.119240262146135	0.0959052277738659	0.0353201725668257	0.0255614819828286	0.024557992666725	0.134218607927159	0.0212452590344965	0.0200054364130184	0.102360417831055	0.00839319074490497
KLF11	0.118708496286381	0.45126930339071	0.077284218870027	0.113744250688497	0.0816860659764707	0.0302923071884001	0.0243706668250484	0.0202954727922405	0.117616995299762	0.0161180578458878	0.014773465040823	0.0688978142124012	0.0103546665298743
KLF12	0.0181997727363966	0.0822541235010311	0.053002696106339	0.061393392249551	0.104527279897277	0.0187413821405293	0.0193980776647614	0.027120303778319	0.0609369189506912	0.0441743834074332	0.147344953644626	0.0537631491632055	0.0123361345925065
KLF13	0.0969495911567042	0.473801582019103	0.0742446120126498	0.113113381460747	0.0761186624917081	0.0295797153671449	0.02227015788579	0.0214883842908914	0.110082144378273	0.0219744188607641	0.0164189572741826	0.0742140381354499	0.0115383095979789
KLF16	0.0754414325725308	0.351201466031654	0.0817199042980741	0.167412862132148	0.117801984257808	0.0423406126765422	0.0350421392738742	0.0287476657981086	0.126947041243089	0.0268788611551463	0.0217422177716493	0.109872394709548	0.0100846166308801
KLF2	0.0914109657406641	0.380915546730197	0.082259637009094	0.147478017045073	0.119026244599384	0.0382784542529447	0.0340450682999845	0.0267880920074507	0.135856742387499	0.0207964645078561	0.0214837448768022	0.0934139468754239	0.009863538584441
KLF3	0.121384240653413	0.429815752952265	0.0753013636648557	0.114647690145852	0.0925013198397849	0.0307242882246856	0.0259539745596244	0.0246063353732312	0.128567648614298	0.0191523860409825	0.0174796329483741	0.0706903303126837	0.0125864101012123
KLF4	0.0843045894652406	0.405440113563123	0.0816491201495113	0.132510870782537	0.103005516447949	0.0375291764385919	0.0283118513740602	0.0278773881477682	0.136579870517909	0.0221009976195745	0.0221624829667179	0.0928801933790185	0.00921897778813607
KLF5	0.0844338108400535	0.40106304254833	0.089629540467195	0.126320224473712	0.0844021624423258	0.0410167837625995	0.0220976159929765	0.0224301738590809	0.109863591047947	0.0175249644911958	0.0256072346738554	0.101102052331123	0.0100311842860212
KLF6	0.0773410005401968	0.365681157855429	0.086334337280545	0.148123720549534	0.125137375665104	0.0408818458350375	0.0331771737789537	0.0303942744660775	0.140749198821096	0.023103886180336	0.026322798581554	0.103880507216825	0.0092159381862037
KLF9	0.0541327389435006	0.283293104276876	0.0782501392153782	0.074396262480577	0.108849171292144	0.106653578533325	0.02042016229917	0.0207577803044766	0.142354921717297	0.0252725627370305	0.0331352118360116	0.0602161407453724	0.00891419407822192
KMT2A	0.0842059749074582	0.36867513327223	0.0649012482272946	0.112438492939582	0.111421366926589	0.0395472521465043	0.0226025515091121	0.020195593272213	0.0920802973665097	0.0265282459750283	0.0214934558062453	0.122875435170641	0.015362239298364
LHX2	0.0204824506344133	0.0825063267599644	0.0403402319985445	0.107797088005418	0.0746721010877277	0.0348029295651179	0.0155371144554906	0.0222277383004365	0.0437491007195107	0.0226740515002354	0.0538122692028071	0.054558682639532	0.00697332063554268
MAF	0.0393877543830012	0.181423873409123	0.0465768240244603	0.278437350098063	0.281326051791949	0.0607073676244211	0.0436624416091291	0.00657171235771981	0.0665918413872952	0.0154711447609476	0.00325353511886273	0.0174348441242099	0.0104523130643336
MAFA	0.0974608926453094	0.22491700558496	0.0714922723331677	0.12229355239123	0.109868898679716	0.0294818323849871	0.0208218583046244	0.0218205178294529	0.0609187879217976	0.00938181416069905	0.0155836923333283	0.131150952618268	0.0124421953909132
MAFB	0.0861689703392908	0.354252608021081	0.0803627937341227	0.179671524142423	0.175272260282164	0.0572732818808397	0.0295269324434545	0.011258937482627	0.0925334525140339	0.0127112688728044	0.0126438951670816	0.0697603940469647	0.00823690761564155
MAFF	0.0686310770602317	0.32613836858953	0.0986259707756632	0.163913010439656	0.129123248429416	0.0487898981420098	0.0335832877678625	0.0306495363179586	0.144834304176262	0.0232176072995011	0.0271091471105788	0.114088907477279	0.00862839495532131
MAFG	0.0795415946669046	0.369291914712894	0.0973699424682676	0.140547887687341	0.127426742864702	0.0451855464020233	0.029025976057954	0.0240477246507189	0.117742273654721	0.0221982919794722	0.0273049836345904	0.0955795411398045	0.0105209611150104
MAFK	0.0458795554473234	0.185908455203259	0.0468847205486211	0.0820198903444451	0.0765558451358019	0.0345981675873265	0.013330082658949	0.0182263351933006	0.064715283268022	0.0222907252990889	0.0167003369716197	0.0889685808762183	0.00857289314427667
MAX	0.080336605208554	0.351636586805543	0.0834311349239267	0.154099888195527	0.10569158597479	0.0400638735172495	0.0340795859096473	0.0353884679222645	0.140224711178473	0.0272868488908451	0.0262275956225849	0.123827605160201	0.0213797661745546
MAZ	0.0790093852708118	0.374378667596425	0.0756914454527589	0.138221209825635	0.112279852201535	0.0394966877694759	0.0430778935569534	0.0331260886659892	0.128973002885438	0.0300383941161847	0.0242258583262924	0.116964810325586	0.0128965777955965
MEF2A	0.0729964651698978	0.346807000612616	0.071367612232406	0.111310932127609	0.12885570130321	0.0460987439931448	0.0223899066368171	0.0120407646286022	0.0877223681772917	0.0198209948353618	0.0134050931071482	0.0562259135513399	0.00688661431394466
MEF2C	0.0796674033264125	0.368920141806107	0.0806596519006739	0.146668716523902	0.123211477376148	0.0428568086949109	0.0349233663378774	0.0316780299028296	0.137482034087257	0.0282829738014055	0.0250748588602718	0.104289932633317	0.0108075222612413
MEF2D	0.0805703865755378	0.357237597021073	0.0677570066397151	0.0725519562781752	0.0646165465721752	0.0321573402746274	0.0141595759449934	0.0114384355173072	0.08950122688887	0.0111110846599982	0.00990114450541024	0.043909268070101	0.00840620609410903
MIOS	0.0530618779007741	0.270500727715112	0.0988934467491833	0.160332504388815	0.130467948868308	0.0532980117731856	0.0236722969396173	0.0213227111837334	0.0961733134209301	0.0168221803281549	0.0244728628013114	0.136824097258878	0.00987176016006486
MITF	0.0662379455556499	0.317166048150364	0.087492865504527	0.200123789314135	0.120185977360538	0.043304374557886	0.0353928342641535	0.0282294685104414	0.123208599273997	0.0190346013880449	0.0217811924674852	0.146435299568714	0.0110390160487105
MLXIPL	0.0315259816526693	0.14661003291051	0.042032925954761	0.0695443378881271	0.0662349536447535	0.0259945148441141	0.0110974259412373	0.0136253191804031	0.0364274168691333	0.0144975968190961	0.0111174482223945	0.0464187892811362	0.00603882696296476
MNT	0.113182903640488	0.294332772750788	0.0583996579752494	0.0954023001516666	0.070724200627975	0.0243766044348491	0.0152251444752615	0.0329819275052605	0.0549560150750402	0.0125478015530276	0.0114522666527561	0.103718893142375	0.0125160295164629
MXD1	0.0854682572705803	0.418150632221502	0.0864323782837102	0.116323779790765	0.101604131891728	0.0397026077648497	0.0237197023685439	0.0237245988170101	0.12742326837339	0.0168030533018441	0.0197677657351966	0.0813047226208407	0.00862175574551405
MXD4	0.066884489338495	0.329570787961753	0.0772987279763497	0.216118209849141	0.135102886875457	0.0438937087472832	0.0380237036673541	0.0296451220609052	0.12257703886091	0.0265836874847265	0.0211076358724195	0.087245956523042	0.0100479853680571
MXI1	0.0850026448194879	0.353539425668724	0.0873685497387582	0.160937928489438	0.154626808788567	0.0427695380026607	0.0324758138253129	0.0235425236207929	0.101936959670151	0.0202731143674616	0.0228298368982021	0.0955093635071653	0.0112459272495753
MYB	0.0703784595376448	0.295959373991966	0.0698432065293426	0.129868334997362	0.0980229580848151	0.0417641218872001	0.0342419896466638	0.0402046126992929	0.140094347921136	0.0431855977861219	0.0264024660044997	0.205723242252963	0.0113236352452798
MYBL1	0.00977528401048089	0.0479231487900517	0.0161497936506763	0.0186542017611072	0.0120220112536671	0.00841646611107472	0.0017786628744646	0.0052398813886958	0.00885939655477941	0.00646450732316683	0.00339749351524343	0.027406710166374	0.0184593271261054
MYC	0.0739320651157089	0.346930908370092	0.0765148852262766	0.152306886810844	0.106166470125534	0.0415342887480092	0.0397452177825275	0.0421606974612734	0.148874289110374	0.0313726071517191	0.0273218965062487	0.129458276621636	0.0105040302877628
MYPOP	0.08587915623996	0.0731584467492336	0.039098560021632	0.0724574756968577	0.0825949791269553	0.0116140288663734	0.0277301327509285	0.024631516517551	0.108117987174338	0.00382084580039499	0.00824650339773314	0.0791070270477634	0.0225562895884075
MZF1	0.048269517455336	0.615468361209468	0.073086644042165	0.0244290581487243	0.0161256049385742	0.00642574272282226	0.00554569698678775	0.00611918229914643	0.0354750566762996	0.0138907292010304	0.00774121990237231	0.0480289713817098	0.0110115122702017
NF1	0.00438391328920096	0.0215307600454371	0.0265635588851674	0.0361745467354707	0.0911011040573698	0.0163759353799937	0.0117502008848042	0.00746978740099213	0.0142064050921189	0.0171049650044196	0.0112970001909654	0.0292719866957004	0.0031764060215127
NFATC1	0.0308967544169103	0.175104884252821	0.0714460786524159	0.116194671374794	0.0608796713906998	0.0230478837081693	0.0193027897931087	0.0210750659471519	0.059168440464834	0.0152321608664708	0.0196846695258109	0.164041445262387	0.0101881554314829
NFATC2	0.0366866565975512	0.148136250447085	0.0644312845357059	0.161330478557896	0.212034796657873	0.0543406526037375	0.0261660598775884	0.0250916032876831	0.0916079893566271	0.0146572898832831	0.0174267943453532	0.0663617431215812	0.00779009098187555
NFATC3	0.10302470953452	0.337607967160944	0.0503812243645402	0.076032454185362	0.0959202521047429	0.0530715095372006	0.0153904731593829	0.0118646925509838	0.104348017915683	0.0153766653793641	0.00967417878410581	0.0919606978330088	0.0115465245788642
NFE2	0.0764105212261165	0.439770463495864	0.0779598436704535	0.110145060193354	0.077696172076113	0.026238617070547	0.0276892044495749	0.0233707806334605	0.115913833441029	0.0157481353093275	0.0168824245014498	0.118789309039653	0.0291112039971909
NFE2L2	0.0733019654941898	0.340941053413263	0.0967772457478282	0.159638931486909	0.118885429229782	0.0462698911393484	0.0331027306383818	0.0321191353243496	0.145169630628542	0.0250475564129654	0.0272659082920046	0.114250806751216	0.00943319058195402
NFE2L3	0.0353209528282588	0.176280972125987	0.0520386098987193	0.058301224634369	0.0835948476633995	0.0799064666900988	0.0137132086785414	0.0219335969750292	0.0781847626161408	0.0178275200775755	0.0386295671647394	0.213297563372475	0.0245353467771783
NFIA	0.0241758748418688	0.290084021707212	0.0458601843460378	0.100072662031777	0.108562290251083	0.0276675900581067	0.0222492520168837	0.00430037234540359	0.0416721298962941	0.0185284088696576	0.00216755756863907	0.0895189663366451	0.0145689223047741
NFIC	0.0556994790119995	0.256642850938087	0.0702097237563131	0.143219400006626	0.104978010097478	0.0564108751400052	0.020611367483468	0.0181828374461406	0.0564840711075029	0.0145597003713936	0.0178762739011042	0.118172431797847	0.0115894303719719
NFIL3	0.0734899109363302	0.41996480401441	0.0895780624252901	0.14170313846054	0.104528132526225	0.0446125098670449	0.0266642761221502	0.0211018249990845	0.113716808109966	0.0177421559618743	0.0175741428293691	0.0926295783761618	0.0100152938718312
NFIX	0.0175150504138305	0.120784345284941	0.0366514390617999	0.0425146758795675	0.0205697040897392	0.00940904144860155	0.00725319899855847	0.00495421782038385	0.0156314746158848	0.010099862395365	0.00336922600180434	0.150803330932169	0.0135248844037125
NFKB1	0.075793558922173	0.342963892702392	0.104984293772842	0.14901395532602	0.120703532285297	0.0445799041135656	0.0305351935275606	0.0315795047539577	0.14355075238036	0.023669091703165	0.0372989402695217	0.107086939239585	0.00955973976229063
NFKB2	0.0761029754597173	0.359125126262253	0.101491012944081	0.140693288807518	0.115624705726917	0.0405975039169122	0.030111740230047	0.0314996319876993	0.142021702613049	0.0231724839414573	0.0380143175933643	0.105879479857219	0.00987678495553435
NFYA	0.0786186132839966	0.368923572279438	0.0704805205027484	0.12317996708076	0.111588376878819	0.0317655740325189	0.0318677626384639	0.0356372030017457	0.116173276989154	0.0269562319186006	0.0228588966289399	0.104337633379776	0.0123141870236533
NFYB	0.0611436270854702	0.340151702467294	0.0855017886131691	0.178418654426107	0.114128400634949	0.0394484477138418	0.0336301522559432	0.0319647183190301	0.13528575417601	0.0267724973623888	0.0259862340771589	0.115952230721337	0.012220849757705
NFYC	0.0727705478139326	0.38710071164388	0.0872514503163434	0.140505955559815	0.105835155131394	0.037581209453402	0.0322938355827701	0.0285982290042336	0.119171234971678	0.0229978725134173	0.0245220481447476	0.11445196354301	0.015144743863052
NHLH1	0.0168560086780316	0.0701386413015578	0.0940012737404258	0.120821793007325	0.14659278156388	0.045676032802722	0.0192215751313284	0.0199584422974515	0.100753243583409	0.0226323967575702	0.0152655194427006	0.0764117606701838	0.00250924086326421
NKX3-1	0.0160156355447744	0.114501395758035	0.105025083019813	0.0518663114268548	0.0615565105352982	0.0864233968332651	0.0240987370815665	0.0144879675778714	0.156526577483815	0.024238193712783	0.0124251007227406	0.0181758366715514	0.00260811051455523
NPDC1	0.00147587835242613	0.00491851637330143	0.0412359621027263	0.116626872924646	0.052036949081939	0.0375512398705174	0.0246638222602301	0.021245161120987	0.0423036654392405	0.00380320535621548	0.0140226817856802	0.0895726960140466	0.000301336747662972
NR1H2	0.0830618890332357	0.293187498953936	0.0714332628351869	0.115231284560579	0.0550144879142768	0.024591895601755	0.0211631064067187	0.0254975527403061	0.0980947782066715	0.023065608933497	0.0172282557704696	0.120351849942658	0.0216937594101669
NR1H3	0.0591295994569964	0.258963794489891	0.0874430728529949	0.265402810636332	0.169647597266055	0.0514412447960405	0.0416966752958566	0.0195811750560212	0.104310906845691	0.0203044411056751	0.0228379704344893	0.0918627896155033	0.00851504353044563
NR1H4	0.0209442514525887	0.0924766106153797	0.0314791754575364	0.158758019871926	0.132710714381453	0.0355040234183425	0.0279996843383723	0.0222045678841379	0.0522223123660979	0.00950517718793942	0.0144767824624978	0.0617762159193679	0.00365443722299386
NR1I2	0.0335994183884988	0.140915700860946	0.0292640713103337	0.0189748009460496	0.0259509863328997	0.00651265395451472	0.00694151608153837	0.0535397925008843	0.0328073853064363	0.00188253658424531	0.00669668820798741	0.109561628720197	0.00584291784895852
NR2C2	0.0752151942296889	0.221344013017853	0.0629373599722305	0.085930759261761	0.0949580621600261	0.0349193807230783	0.0127542997539922	0.0528265136702712	0.0605739760457067	0.0204780154839571	0.0327357826280998	0.0396102224592396	0.00756436339653632
NR2F1	0.0504987966262262	0.177895257917814	0.038698408735616	0.0971094718875115	0.0635638926957057	0.0242383435562111	0.013680578014088	0.0104985636773	0.0472343013397563	0.0051969227372537	0.0151699529440078	0.0304937857194916	0.00539948610256435
NR2F2	0.0338110714008802	0.129997478320592	0.0463779473737379	0.0446172149106232	0.0295613779112138	0.0633847260804052	0.0158309374639272	0.0195011107172004	0.0592106928461947	0.0148417976373367	0.0216806623261155	0.0528784800963349	0.014448206954022
NR2F6	0.0416555952558954	0.181461039097563	0.0657286829514601	0.221539436252934	0.178097937403771	0.040062602203785	0.0355374070352255	0.0140848413613517	0.055579218587687	0.0295840808603324	0.0134707428436207	0.111564468651543	0.0136996672566047
NR3C1	0.0760742632146756	0.359066155062193	0.0805954031526501	0.135078323386627	0.125290957042248	0.0446344500071437	0.0311721690117606	0.0301192925106345	0.137283059493803	0.0380345076145812	0.0258064051714797	0.121793826475838	0.0100896715818468
OLIG1	0.0340877393111196	0.00664199403672883	0.00595192159300773	0.00173935376285606	0.00191348778268019	0.00458693389777298	0	0.00210743686551018	0.00393674863785543	0.00126164766767678	0.0067021967628903	0.00473173879211397	0.00198972407124809
OVOL1	0.0573248757257431	0.183748947323712	0.0811795862407856	0.0561147894417547	0.0876381292202246	0.034594559699861	0.0185470783387471	0.0181690271373149	0.10130599405987	0.0132589956357724	0.0262367129841008	0.0705416489596602	0.00960532397015157
PBX1	0.0156322878792248	0.0596683879299439	0.0217740661054617	0.0522826181727465	0.0370255911356544	0.0125122275270261	0.0115229078465721	0.0103767111430333	0.0383311514783962	0.00689381580587622	0.0111903323824329	0.569581658094337	0.038547388382047
PBX3	0.0641538835438271	0.321732831683941	0.0781237238212679	0.169007246359945	0.127675836507848	0.0427437210237632	0.0408400039504043	0.0337039686027982	0.129714871547813	0.0390645086465993	0.0222122587986133	0.131125136117862	0.0137728168768297
PBX4	0.00454982028223017	0.00811604008367328	0.00576716603630745	0.0126849314464624	0.0214074385861688	0.00886571016792015	0.00471822139309075	0.0196253724998269	0.0102219158697709	0.0109962956298041	0.018199758244499	0.0319382157826584	0.164529292312248
PGR	0.0300159247770212	0.0835789142819492	0.0423361372396772	0.043424341748826	0.134840607408983	0.0432375646994253	0.0347200101287503	0.0237754590667565	0.118612752397212	0.0416074081255631	0.0135876657645679	0.159359424968604	0.00215588889434071
PHF8	0.0780180659466536	0.350539033963085	0.0686472385605544	0.145671629434024	0.116369152314963	0.037962073581249	0.0305513107494114	0.0256881518643703	0.108503800497058	0.0221569930779651	0.0214315299678739	0.142987889594217	0.0127339460336
PITX1	0.073018605141174	0.256733543994922	0.0752646285313195	0.13043836076769	0.0889287442645861	0.0328124055902275	0.0232024259878162	0.0203693687012992	0.0688568589991725	0.0244364065621675	0.0182513091821018	0.131127922946042	0.0106452679129144
PKNOX1	0.0281178374431367	0.0839939175701867	0.0368694568278516	0.0496393450186428	0.0633491207735334	0.030174572578449	0.0106819338338298	0.0176760025675594	0.051984926294417	0.0131405340826406	0.0151717139863946	0.0504127636860919	0.0100473800548982
PLAGL2	0.16182064468121	0.439846744602784	0.0699451418602307	0.0971996243156017	0.0687644157599731	0.019282351749535	0.0189249621556982	0.0144418384207459	0.0923044278110693	0.011819549877976	0.0122542544310454	0.0704600195297069	0.0110207026017506
POLE3	0.0711863923456377	0.354940833264438	0.078349271304199	0.146363121492867	0.106676703787645	0.0406099532127653	0.0491951453269257	0.0356103065586612	0.140560232332932	0.0303465763886196	0.024327757391266	0.127649305842154	0.0118032168561061
POLE4	0.0826018473221617	0.374707088720608	0.0894145314996884	0.167876549862577	0.0870983213672768	0.0389524744976121	0.0417685766310775	0.0347324961288052	0.140569512470535	0.0212913103035135	0.0234059582400797	0.0909645881920641	0.0114438900210372
POLR2A	0.0882688612117344	0.381868179499693	0.0839571886085071	0.136989539321327	0.116365886102324	0.0398928819544674	0.0304886255529397	0.0284851917467677	0.13032539067987	0.0278298932998327	0.0248168825339126	0.104195269255947	0.00971661902429177
POLR3G	0.0300021465716291	0.0911783593720495	0.0243733089276491	0.0383998580600419	0.0339531742419684	0.0169005385758442	0.00955065014112844	0.0143786915505904	0.0377995032498841	0.0238770342681713	0.00964627285518826	0.0841527321945862	0.00902627667012856
POU2F1	0.0290650159730176	0.152389305442902	0.122994228043738	0.117757438550885	0.100445165171172	0.0665945798297437	0.028437608879308	0.0357114075018274	0.096621281087134	0.0155749739096078	0.0392849813953398	0.119470160266462	0.00335587419312122
POU3F1	0.0598558729377824	0.252676204782886	0.0748607119244609	0.189823097849139	0.141329138919992	0.0296678819714619	0.0389142143311866	0.0321234014299765	0.121045173598981	0.0188781992647954	0.0241996524756679	0.138146001854766	0.00921477434161533
PPARA	0.0629550956976503	0.248095180655373	0.0527616176160477	0.154088945512939	0.149623122103407	0.0522330458788268	0.0191172897703844	0.0217610897978983	0.0580049024443	0.0193008604113196	0.032387952145944	0.0734395207894176	0.00876527443881214
PPARD	0.0563889572632964	0.176721298679935	0.0736992091114677	0.131531749845131	0.174698308980146	0.0350130678231106	0.0295757175324664	0.0080299344295387	0.0591745204004783	0.0148778260123325	0.0130509850939386	0.0357309012422878	0.0085208014364957
PPARG	0.076305761253881	0.377923784007077	0.109795132480231	0.121623906332235	0.103572152815923	0.0383096508549097	0.0201565219245792	0.013412550308367	0.0668245981300941	0.0111480533639026	0.0118378033615223	0.0929380724098975	0.00875145834501645
PPARGC1A	0.035958715241316	0.371029134564107	0.0519876414047968	0.0577735162817332	0.0627511603934283	0.0394366896006899	0.0134916422440919	0.0167661350382643	0.0653340826024958	0.00960622096594799	0.0130158011206325	0.070749408607209	0.0104278867937023
PRDM1	0.0620104606173478	0.301507380031733	0.103000413485895	0.206395400285079	0.159495405120526	0.0601399939299412	0.037214701935852	0.0261576331779961	0.138739664486775	0.0206580098009567	0.0205087499371815	0.062318567979771	0.00658808847244574
RAD21	0.0788321017423286	0.362223957414797	0.0798481917389707	0.14762920957145	0.118590808772964	0.0410090646275579	0.0409588499613943	0.0320051414312593	0.131967681072513	0.027972032723334	0.0255209349268133	0.121500285845949	0.0118279264825694
RBBP5	0.0550803166513189	0.326923813785188	0.0863757226832098	0.161505288338115	0.11203571728868	0.041012840078595	0.0400551159699554	0.0313784244383528	0.0920615501343979	0.0239036898302725	0.0212204238535846	0.150862525707807	0.0130615448535008
RBM17	0.0166521929874003	0.0515147607558808	0.0146962226730539	0.0311687636534107	0.0254792124643641	0.0147023248172429	0.00622250727884033	0.00921505690491142	0.015083905896916	0.0131778455222693	0.00345834985449744	0.016811717099363	0.00362216528258508
REL	0.0698177718574285	0.317864348457203	0.105364057789532	0.12830362909209	0.136270738179454	0.0579060731506558	0.027526559649203	0.0318821201809709	0.151430489480573	0.0280252800405631	0.0459950183963711	0.110510449285812	0.0082736381706765
RELA	0.0813147180476625	0.36034171044749	0.0957980535433386	0.151331070557908	0.112214858669389	0.0413287625379927	0.0346643501375751	0.0315937018850837	0.131680350311052	0.0258602604845427	0.0331883989149836	0.104919826906955	0.0102483032197815
RELB	0.0800199281943714	0.350593585380687	0.0929318340019049	0.150458906410846	0.111460294431764	0.0414862282142501	0.0345550882202262	0.0366887725719274	0.149998543851553	0.0266407577624941	0.0387203174457855	0.104455729377028	0.00989808466290332
REST	0.081434368116074	0.364041496636006	0.0775623030395358	0.146808456996236	0.114795469356333	0.0379941643558527	0.034405980222681	0.0343972336242299	0.137499285438903	0.0313378029031087	0.0250058659701421	0.116014035896101	0.0115639159771389
RFX1	0.0376019913536808	0.224851178161083	0.058609816615962	0.0903752137519506	0.0498743265489374	0.0240206446976845	0.0137905068812323	0.0163025030692573	0.0431318532514331	0.0121881584457837	0.0139917319895733	0.128981099077728	0.0141270056143198
RFX2	0.0702982638335277	0.540067949301538	0.0453567209632834	0.0423518858238303	0.0225645044260824	0.0136147546027827	0.00918801393843316	0.0133647293126782	0.0740376700692862	0.0170951280622158	0.0169104316142652	0.0554245422856445	0.00774819691511652
RFX3	0.0201055341508123	0.0218462287887214	0.0372072492428602	0.0612600591345547	0.0472062117786923	0.0181924621131883	0.0106805265842157	0.00771836315162533	0.0205224386979828	0.0293747815375062	0.0160982475783304	0.0379287593288821	0.0321740286629817
RFX5	0.0479311657915064	0.193190734663709	0.0394890332525784	0.069433955557909	0.0599073935784112	0.0213604609374561	0.0183634342098281	0.0456383751752737	0.0667901443560188	0.023985600298163	0.0425242899154995	0.121422262877707	0.0115842753715139
RFXANK	0.00113913177602754	0.00480894386082353	0.00483306166271791	0.00552223563462551	0.00234136814668851	0.00487182000258224	8.88178419700125e-16	0.00386067172806515	0.00150303992359024	0.00329591339386237	0.000304928332812149	0.0586453049165067	0.00341555424577789
RORC	0.0683689669928574	0.332861319305994	0.0748035605213554	0.13101299415235	0.10272053767239	0.0351188146713369	0.0337942063428773	0.0381255603519406	0.148746286876412	0.0301887549757673	0.0294073652571584	0.0997129435784455	0.0133259566368229
RREB1	0.0326558176389324	0.148370411008864	0.0343312287543519	0.0606469261102625	0.0811013143326781	0.023821898216658	0.00872949411581903	0.0113337516827993	0.0299880948678297	0.0129696753701757	0.00784559467802537	0.0258949482044989	0.00361432525290284
RUNX1	0.0545454074386316	0.335217389989958	0.07058327518761	0.10078752101857	0.131857591285784	0.0333606811543773	0.0240325235409117	0.0252783067479156	0.105994526948516	0.0253051947793205	0.0156589490292546	0.0875933297268801	0.0128122366296578
RUNX2	0.0190027683639407	0.0786430367782106	0.0319567617529486	0.0787492636995453	0.0946572401020256	0.0238426904017339	0.0145000575824208	0.0130099679725261	0.0776160980963632	0.274570507221843	0.029154557060464	0.0359747983138993	0.0023893042933717
RXRA	0.102026283121413	0.518440590455026	0.0705421608035298	0.0862561627819449	0.0683369035181365	0.0259103964766249	0.0167489531012177	0.0149273135599655	0.087592630506642	0.0101353244144037	0.0130494911903027	0.0518479274682507	0.00945287423787222
RXRB	0.0263297305322611	0.0934253237038125	0.0298636014321569	0.0427411401941469	0.0350463262436714	0.0209125073659481	0.0116444104483782	0.01690338248516	0.0454324065772201	0.0158777894504905	0.0151292559308093	0.0561019009849458	0.0104767043006734
SETDB1	0.0756739700401685	0.315444275043196	0.0722898131873992	0.161344331602094	0.134018062517049	0.0433046866537127	0.0336284674871441	0.0277919148491312	0.121436196986863	0.0255217390151787	0.0186555681899788	0.129413857801222	0.010627462366144
SF1	0.0923233745330493	0.391488712606319	0.0612759850344925	0.0834105284299823	0.115444405475898	0.0434393843439892	0.0225142115078846	0.0249335264523873	0.125327909177519	0.0363165015433342	0.0227827274261073	0.0975097995230673	0.00818598401900184
SHOX2	0.0375546391967636	0.17012698198151	0.0523881678902284	0.0823708651398813	0.0573151065790904	0.0251325472842614	0.0133953010626814	0.0151990901513622	0.0490783764757532	0.0141913759802359	0.0160888039548152	0.0921138626269703	0.0134735949415564
SIN3A	0.0806398202082137	0.341766198413347	0.0768788528455041	0.142867610262053	0.122295698216058	0.0471589632930832	0.0388396398057949	0.0363651567792039	0.138315777207502	0.0329373105094173	0.0258384572452507	0.118642075269513	0.0119150158498527
SIRT6	0.0356240477631657	0.155629727748823	0.0335941787688271	0.0581171555840637	0.0634454847240628	0.0275782553100894	0.0144749195652717	0.0140297298886463	0.0664229770229445	0.00995702539451893	0.016024839769802	0.0395556601263092	0.00513314863339465
SMAD1	0.0617982743611778	0.215315234582087	0.051118981387437	0.1117041600066	0.132992553967805	0.035936102959756	0.0321939863327113	0.0183031258430156	0.0738324293012147	0.0212511020574055	0.0208888168611965	0.113770925962291	0.0339791567348394
SMAD5	0.0181485757675348	0.0407900900082564	0.0143004618239195	0.0259364641240138	0.0179799356400214	0.0132304481033829	0.00741291117527154	0.00683337528455308	0.0137831984703264	0.00657698018457331	0.0047773220630406	0.034023252813335	0.00444024057551151
SNAI2	0.0219868572921437	0.124011896161859	0.033170920389385	0.0758245232480513	0.107095055929932	0.0391109263589783	0.0144993038557103	0.0203188713263376	0.053513284565603	0.0170503732459378	0.00761439993372059	0.0583852948876479	0.00394868948581029
SOX13	0.0585051829238119	0.237380745724975	0.0531462411495149	0.0870281008098486	0.107662910447477	0.0414075422168775	0.0178372880201323	0.0216947278611285	0.0758655904761697	0.0185329545467017	0.0135589536719467	0.244724729293776	0.0124251194900734
SOX4	0.0403473278346983	0.165273413147692	0.0490014819667114	0.0851553868226191	0.0833918658170545	0.0242802509107963	0.0193174286967869	0.0333304331627871	0.0845474112965242	0.0645046564434155	0.0211959273410796	0.195382000476489	0.00608157435946333
SOX5	0.0354558950220372	0.0758062990068668	0.0252944631814923	0.0489214035894505	0.0669937347847732	0.0226595680559499	0.0163522082987977	0.00955293826209602	0.0256812760168105	0.0107784265896106	0.00893171785219815	0.0395505609424736	0.0151276485874737
SOX6	0.0248212039568119	0.125909065303187	0.0989546130424193	0.125371138204256	0.0695813926230513	0.0395306199247145	0.0119049476137594	0.00730008226953827	0.0420189879955871	0.00740459124754755	0.011112092930793	0.0802723035074279	0.00567932102310464
SOX7	0.0253668496327155	0.129016864026003	0.0511555263370388	0.0710579589457038	0.0419635948220893	0.0248752548672762	0.0152304575280723	0.062334871109415	0.0815107373656443	0.0505481962273555	0.0186638270114402	0.0896679924755536	0.00772835858512466
SOX9	0.021281840045838	0.106860929392787	0.0608450396313046	0.0942869978522529	0.0808383791368169	0.0290504978120625	0.0309595480591979	0.0090973316285462	0.0438021147135619	0.0149254776481041	0.0083249487752034	0.0352837054206144	0.00633246071171001
SP1	0.0825790734292332	0.471672019532518	0.0709744948354922	0.101737129948489	0.0863827402624595	0.0367752972190775	0.0182725455662341	0.0195334393102883	0.0956208924558094	0.0210936924444732	0.0191793629427335	0.0797697915037265	0.0110253522999264
SP2	0.078900755453996	0.350208757923792	0.0924887731854399	0.128051974640953	0.0899251874257418	0.0341645868125792	0.0254602709769941	0.030422618981494	0.114660096111654	0.032437542158225	0.0306090623532274	0.117232445937229	0.016948726319957
SP3	0.0921485974911501	0.439920223485582	0.072369625310394	0.109438548043927	0.102663194803936	0.0366063570860939	0.0231333366444062	0.0229880864355015	0.113250225490152	0.0251044209744146	0.019488315593792	0.0900249005863211	0.0115813690600181
SP4	0.0852147531240904	0.37802818119048	0.0738069002066279	0.11418853916924	0.11731188464115	0.0448765761054114	0.0219644155414996	0.0203196469848994	0.104695416116868	0.0177955188385853	0.0212234569899727	0.138705881043898	0.011801233518726
SPI1	0.0850850502820791	0.368621875286569	0.0833834213692358	0.156491924828526	0.105333397919375	0.0402573979378654	0.0359087639060329	0.03499788641868	0.146602824302998	0.0262019903269757	0.0243182004685566	0.0999232067522854	0.0103640960648812
SPIB	0.0818648400906185	0.349696403146596	0.0885172747371162	0.15372257284594	0.113538831678549	0.0434473653198515	0.0340813318222827	0.0343861711261449	0.151466115325455	0.0378550152146276	0.029672356128646	0.099710605540448	0.00952398309900437
SREBF1	0.0750983705051279	0.318511593768612	0.0818256040453813	0.164814415118238	0.153704098177417	0.0447339280543162	0.0402047690650116	0.0316732071051583	0.141823294162076	0.0255736821443756	0.0264544671051478	0.109213971041958	0.00914933090009096
SREBF2	0.0756172575489407	0.355712775728219	0.0797602689069203	0.148735437061951	0.123366897977792	0.0394997263271677	0.0356407576741593	0.0421004793134919	0.136320471880709	0.0321054098219319	0.0296932780627266	0.111013928739596	0.00993405379203194
SRF	0.0634751011850145	0.320169190774761	0.0902853047357561	0.123114264434205	0.12635195043557	0.0499427764867868	0.0276377126033917	0.0393952681134443	0.118314950343589	0.0274374580372581	0.0326809089587637	0.111820369951603	0.00918386434765917
STAT1	0.0805811110147396	0.352046181026368	0.0944948618626158	0.175973748737419	0.111329342948269	0.0451941451259615	0.0349712485165101	0.0328752690679738	0.140716076531062	0.0246886072956199	0.0265343704987342	0.0917785330768653	0.0101568372627233
STAT2	0.0888828465617241	0.402064366188458	0.0903504642292912	0.144017377742295	0.113892727591271	0.0432305928057976	0.0266432100236762	0.0277934847343589	0.121413071865856	0.0227391306856843	0.0217445240687129	0.0744636216348714	0.0105957944228466
STAT3	0.0809807323207343	0.365572583227415	0.0949731762745855	0.141040706875111	0.129420466896215	0.0466583385349468	0.0282686154812103	0.0288687629665199	0.13242283273511	0.0238888236816072	0.028063261226865	0.0964605979027117	0.0111955440081809
STAT5A	0.027270601006536	0.278110027125916	0.0959386397875059	0.0642991024414989	0.0910105293103006	0.0672894668318808	0.0109146878717455	0.00697580771880746	0.0356786060224266	0.0037390799397039	0.0137899136076376	0.0676653424486093	0.0172515484089134
TAF1	0.0647100262903323	0.467882123013853	0.0907303350789018	0.0959928566708551	0.0621226578345953	0.0308381556444085	0.0172826568494455	0.0355591682946018	0.0924845972497624	0.0128458205577592	0.0170704191347333	0.0814729357659476	0.0128631705353721
TAF7	0.072000702265953	0.321920888107159	0.0827069990656012	0.147284775397121	0.124978883979554	0.0475624348789094	0.0385456567637764	0.0359761521273635	0.1483161348719	0.032240620666822	0.0314117470964873	0.134810855721432	0.0119119536914088
TAL1	0.0651702558702091	0.306725507089315	0.0738713628925097	0.150393700666275	0.0910155172973269	0.0370089648431021	0.0319527152601695	0.0325696013028322	0.1226362730843	0.02234377684954	0.0224197111778837	0.218390480026883	0.0454263237897837
TBP	0.0724618186697529	0.36801018778225	0.0813868933620079	0.124861580530634	0.111425738530401	0.0363040840669697	0.0307190057135742	0.0403198249616027	0.151984400495987	0.0153473502130249	0.0260094438043655	0.0898090331296809	0.00951455739292228
TBX19	0.0423072777354615	0.309854642232552	0.0607838144237424	0.149358089160962	0.132362672105725	0.0283713859958488	0.0261616482732469	0.0242401871562882	0.0643354814387679	0.0213535630674381	0.0140427932589785	0.104227847201773	0.0116095095953459
TBX21	0.0498369298674944	0.175832950646978	0.0385256413679163	0.0717699009980879	0.0680257770171907	0.0281737604035429	0.0158851361167128	0.021599940515903	0.0521619785632184	0.00882288633901829	0.0230789721720724	0.0537442914320134	0.00987278048902884
TCF12	0.0772189200046653	0.361610739496004	0.0700220820486834	0.129124176831266	0.150460781118745	0.0473292512960859	0.024662420871882	0.0249874846950423	0.110903228845682	0.0291627230823599	0.0217330928015991	0.0987158152019298	0.00888829678713254
TCF3	0.0270451038354921	0.101292405194901	0.0362804599657217	0.095890932491343	0.0566580723186967	0.0366288113905724	0.0174722778455388	0.0133830123243979	0.0349752998388489	0.0122663899274006	0.0178189807864301	0.0524878229119238	0.00614843881143001
TCF4	0.0745406139367919	0.350520619828368	0.0756374318169142	0.152103257322106	0.122691282277025	0.043599210475186	0.038150970774028	0.0319765980500085	0.1425819603424	0.0398822645128057	0.0242423502548871	0.110752122478176	0.0108760507325104
TCF7	0.0582087673163438	0.220153789521597	0.0698493783028892	0.0932004484721588	0.0791241966646635	0.0363523817548189	0.0220094179469663	0.0361983943419774	0.0848402829860843	0.0248923567497608	0.0496672917120571	0.0891213428774312	0.0129549407958593
TCF7L2	0.119118266165583	0.379270379950381	0.0831813618173065	0.134508243045387	0.0927852800313794	0.0348594802233262	0.0293382784698036	0.0293910742266529	0.13849771916566	0.0198560381823392	0.0231601925704394	0.0930561491255264	0.0119208001781204
TEAD1	0.0021635818233553	0.0176923225011471	0.0136210975350919	0.0203639365055347	0.0507460533002392	0.015374390392095	0.00396947954214255	0.010437190708388	0.0206476963324247	0.021712853031332	0.00539275482268431	0.0849770815325797	0.0018539861920942
TFAP4	0.0179092759839485	0.0418894491101958	0.0163668943950765	0.0238469105877838	0.0412145691065308	0.0139333935615015	0.00950973781518949	0.00920031185997594	0.0267370183009883	0.0179609711702899	0.00454248291990655	0.0418680267540996	0.00516190184022203
TFCP2L1	0.0335878844680463	0.177037327847187	0.074760573855476	0.120533210237412	0.115089446629693	0.0554596011642746	0.013703386763415	0.0067261242775658	0.0258761955690392	0.00758101245083198	0.0104949767076501	0.0336566458627375	0.00928974504621161
TFDP1	0.0737605033213722	0.355698621428912	0.0813090226747525	0.155522579234244	0.112354249832451	0.0441519576069819	0.0484913047708052	0.0368055582774077	0.131515511208609	0.0290904408827718	0.0269404769864662	0.114842717398904	0.0118642733253461
TFDP2	0.0752212055394446	0.348414615689702	0.0808172390766367	0.140354540302911	0.109123783197812	0.044399625778115	0.0320543719740553	0.0301349875066584	0.126948491741082	0.0279817716126229	0.0271491865770122	0.152721500023886	0.0123345338181974
TFEB	0.0156376217279975	0.0680544368617982	0.0227916996178309	0.0338404840176865	0.0218731007319485	0.0114309205177828	0.00745048630373668	0.0132787462652691	0.0378215968570262	0.0105256814719878	0.0217490674969401	0.0097814527927389	0.00289144645720507
TFEC	0.0749645380741566	0.372007221572772	0.0884807132018387	0.173621364617103	0.12658505415138	0.0437098917851935	0.0313273621846428	0.026025494840251	0.121461593890855	0.0233757311541966	0.0245851258339956	0.0861232518553546	0.0102193563971791
TGIF1	0.070687615061972	0.337211282976515	0.104857932795528	0.152798087131388	0.119565698282603	0.0495548144866443	0.0291256712482952	0.0259255844041396	0.141219417750374	0.0203570383050563	0.0256285844799554	0.116084156556792	0.00787321021003717
TGIF2	0.0487407121151907	0.266916725615319	0.084910720504935	0.11936041927212	0.0847207025205706	0.0354668041633581	0.0236496203328544	0.0288627601197241	0.1117963953264	0.0334948086061243	0.0362357250832759	0.129607256940469	0.0114844930528557
THAP1	0.0802579702476033	0.34108282507329	0.0783717042992249	0.134391459865128	0.10379870970999	0.0355942416561215	0.0312892746035802	0.033951362697487	0.13733375217873	0.0325927821511593	0.0306303503660401	0.119774672479841	0.0151412159577582
THRB	0.0751308916956618	0.358709258477262	0.0559246200529782	0.0781212193773873	0.0554304078489226	0.0208578206328652	0.0114618164572925	0.00998121852428524	0.0322223566732035	0.00801875206874614	0.00686621036638224	0.052487550832119	0.0313150042376216
TRIM28	0.074121441242053	0.354332637864298	0.0792555730203146	0.14512449485138	0.12276684007838	0.0395858493305843	0.0373493896951002	0.0348011472787687	0.132865056770979	0.0336455103480441	0.0292004669357702	0.118047641754377	0.0114274148574612
UBTF	0.0466543296824873	0.190904882013628	0.0604331420939709	0.0794416063481106	0.0713428775817483	0.0308025985125877	0.0179178617001008	0.0157573660133652	0.0727166797960496	0.0294780580001598	0.0164124282217627	0.0912438569589699	0.00617824614673701
USF1	0.0872625780404178	0.400192654428465	0.0827817603308724	0.125008964941998	0.104136889992723	0.0366890428919928	0.0285778893812411	0.0307615113231362	0.139922404148746	0.0250692829419804	0.0228497063953709	0.0909700779992704	0.00798110779584182
USF2	0.0763423773384954	0.357499796679188	0.0776274467881493	0.17661564544203	0.114298063965675	0.0355694421467352	0.0369291876539038	0.029849409191795	0.131397491438161	0.0293999795621419	0.0215512720483194	0.106246032039617	0.0104377278428763
VDR	0.0208588226047138	0.107739335368262	0.0498976175220136	0.0323381756285788	0.0322936583577205	0.0174914543821811	0.00346648710951436	0.00509445693394628	0.0320722541223765	0.0198207345861422	0.00290020613292608	0.0514987374224787	0.0114527231580061
VEZF1	0.0709209596657642	0.360071486491732	0.0663498995165195	0.100895764995501	0.0805141651632174	0.0284307120314484	0.0178129459972126	0.0184098241838325	0.0768531892730372	0.0195933230143874	0.0155627805536688	0.155499661377557	0.013392113394636
WT1	0.0829248530988858	0.292772948073666	0.0641479949402822	0.0907354895827469	0.0913388778415966	0.0389523837019965	0.0242200428447567	0.0270112267735003	0.126824500007449	0.0273055181067262	0.0196341522221983	0.193440544235959	0.0141213592111388
XBP1	0.0680396901393447	0.337753766293467	0.102111104252928	0.162599326794459	0.119947832085406	0.0452852632458253	0.034284559046902	0.0300079725343242	0.139679221396271	0.0299153549739769	0.0257767444983376	0.118028237704794	0.0108579777931631
YY1	0.0782038572335216	0.38996681853608	0.0785491603558049	0.136996481009616	0.114677553744626	0.0403818655192593	0.0329956544448178	0.0295269462321139	0.127850607081879	0.0275261269910115	0.0233677408795274	0.109724476115919	0.0111517409252193
ZBTB11	0.0224297421561993	0.0626137547640059	0.0144695498753068	0.00507187035572987	0.00565881783297384	0.00304689835093341	0.00119430544105303	0.00042662562786433	0.00334199176558547	0.00176010150729389	0.00225128995450785	0.00909837644331513	0.0191762453063441
ZBTB14	0.0972181077691495	0.277644668489231	0.0615000224721355	0.128173090377681	0.148242793356544	0.0511301267049311	0.0276122867592029	0.0110777039476705	0.0803886899703926	0.014065711921567	0.00727574710107182	0.0571956280420571	0.00504100821437292
ZBTB33	0.0560135284779539	0.324135527083612	0.0598023555032196	0.102009224194514	0.0799770369597739	0.0474036342213011	0.0638913703121297	0.0286909787852618	0.095097787169663	0.0187089478409086	0.0153750377853352	0.109438887937629	0.0214409603230011
ZBTB7A	0.107078853439239	0.423542828513959	0.0796239526181846	0.125987271974965	0.0953080491294092	0.0341677875916278	0.0261465856030216	0.0265480297934838	0.121809064391674	0.0205023832658989	0.0219685498143004	0.0806300767237015	0.0125510252955783
ZBTB7B	0.0480912799369787	0.239900541248026	0.0585327039666788	0.0624921331001681	0.0675235389526622	0.026324333230649	0.0115250326922649	0.0137817011410886	0.0558619884673667	0.0181187545300004	0.0267233634126127	0.100614475830558	0.0062953707955179
ZFP64	0.0378271251704252	0.111443634901136	0.0333586192782713	0.0796431737810706	0.123723333778194	0.0204063235470026	0.0259050821962977	0.0518269857393985	0.0599699470898187	0.0655764798671495	0.0122986682837894	0.066145903742823	0.0151471282940504
ZFX	0.0666942471733362	0.297220143753883	0.104413399430546	0.15649311035945	0.115053495599461	0.0351206117748312	0.0271834780782996	0.0270868246492199	0.109946076368656	0.0170770900471512	0.0232626438776801	0.105868708571737	0.0104449360945184
ZNF121	0.0780814773429426	0.373735591874718	0.0803940470787889	0.133285433628868	0.128055711989233	0.0377872269870282	0.0316777368753987	0.0283843413249646	0.121222202793014	0.0217607785984328	0.0206085737959651	0.10759900127958	0.0119004087701049
ZNF141	0.0241918689618912	0.0608931665002884	0.0155298747291962	0.0214262212770351	0.0460894294532633	0.0237384604252119	0.0116525721771454	0.00568422374800603	0.0171443776246279	0.00879094544128689	0.0080694611544655	0.0289741036648153	0.00649936633982717
ZNF143	0.0764243211870477	0.369238288424416	0.0798975120697596	0.133663755256115	0.110510364906631	0.041087188084309	0.0269540641724167	0.0308623892237389	0.119669897668682	0.0346487690820301	0.0257186533571505	0.116977761191994	0.0115885581362813
ZNF148	0.0570893578887784	0.224433348040438	0.0488399923135374	0.0767540146261684	0.0858404883914224	0.0306957966415307	0.0159186852034183	0.0170415555291781	0.0657254711591007	0.0170448774451026	0.0201905151910969	0.070387258841958	0.00756344147383337
ZNF160	0.00536342177388394	0.0294158599549644	0.0164033879554161	0.0162389328583382	0.0149683269181415	0.0111642651330476	0.00855519801316551	0.00461316932809708	0.0146630523938734	0.0162592743018554	0.00434323246141355	0.0166478659957019	0.00493860359128262
ZNF169	0.0201486256917249	0.0895992144617888	0.0492812726437214	0.0674365716094053	0.0808676585685932	0.0252587599555518	0.0129011618874104	0.00988945062207436	0.0376347207339188	0.0123321054726651	0.00857487645071897	0.0890819320641527	0.00310266537706461
ZNF175	0.0373414993636689	0.16375361863949	0.076929865726969	0.129280522060099	0.0695825796262312	0.0400195592579983	0.0204752601287871	0.018710016232882	0.0839234736252155	0.0147081262033035	0.0143219148141009	0.194393815368682	0.042057942351122
ZNF200	0.0124760093759985	0.0956771947060063	0.143171308557632	0.12251835545837	0.0916818788205928	0.0742875110367328	0.0234615126815224	0.0141274841000786	0.0961528848835982	0.00730327683065546	0.031677722621814	0.135134057869983	0.00241014334573908
ZNF224	0.00239512473520309	0.0091060472579233	0.00627821492176561	0.00418788486377875	0.00233867377563679	0	0.000986172441041933	-8.88178419700125e-16	0.00181349737850744	0.00185291762169393	0.000941877445272632	0.00867237151421618	0
ZNF235	0.0592463048526235	0.136658763786929	0.0291289119728815	0.0284821693390175	0.0477453611913918	0.0152332193720838	0.0056010181768954	0.0082726898418215	0.0309594885907621	0.0115183602553645	0.0313140836665332	0.0301435263146916	0.0218660264568562
ZNF236	0.069853984788929	0.101619865245772	0.0340830220695639	0.0550478584856112	0.055051032747124	0.0208924138336412	0.0102287017983073	0.00301914632804479	0.0210060586103813	0.00762996716892306	0.00746282978706503	0.0195716261681421	0.00818304299770545
ZNF250	0.011353434208628	0.0449442717116334	0.0117844013323543	0.0188999863461512	0.0210439028184646	0.0109018213850455	0.00295881766544548	0.00756902401153836	0.0121518685050582	0.00819532999851147	0.0025203570466914	0.00959005046974204	0.000768384780840181
ZNF263	0.0167369279892177	0.0729136007674778	0.0509116946164256	0.175569852845459	0.0525244016858016	0.0241175872368771	0.0160741625157473	0.0113437323274457	0.0515067427245832	0.0105683579086815	0.00704198678061019	0.103438748935826	0.00298279524722778
ZNF274	0.0902592194084435	0.380397124664269	0.0833813273271352	0.137096907181071	0.093959402474644	0.036670949826205	0.0275272825172044	0.0322551531107556	0.111878361405423	0.0205367333397489	0.02173292927878	0.122446334611801	0.0126493585965535
ZNF304	0.037481921298939	0.192170716135485	0.0690870370737728	0.129260829064838	0.171515554021708	0.0377937695620595	0.0315343112590936	0.0126987321992307	0.0613780162689678	0.0104326928701994	0.00514557299776297	0.03522373857773	0.00371980685393547
ZNF32	0.00472919895035506	0.0214106799111518	0.0113471189378739	0.0172186652348791	0.0185844304928304	0.0141354689031604	0.00418372794606747	0.00681859957145525	0.0131236207647741	0.0191929499110874	0.0182826598421754	0.0536536100247461	0.000961846854958037
ZNF335	0.0102856948534548	0.0320866512530252	0.00837231656665571	0.0127215005409173	0.0211344457740581	0.00687981321487152	0.00328688711802994	0.0049856420847747	0.0115132040888792	0.0847551644781477	0.00324005444040121	0.0150090723208124	0.0043743458345864
ZNF362	0.0185103918955521	0.0587888664834247	0.0190767392196051	0.0379531470047518	0.0355471693625748	0.0164120912219419	0.00806781983432747	0.0136882344459677	0.026424221589621	0.0170522777599966	0.00641588843533991	0.0371860025444544	0.00455331750074983
ZNF384	0.0293176276525243	0.119622978827224	0.057287707034511	0.146702408256878	0.179495244358523	0.0229933335795814	0.0509740070490148	0.0302448677141217	0.107082792980082	0.0235067651113404	0.0178368790709623	0.147729861926748	0.00548664414972422
ZNF432	0.111469268552883	0.155916278077589	0.0277872190267346	0.0566401314216101	0.0424302277227071	0.014678001126929	0.00996225333752632	0.0111688196763918	0.0390521769008481	0.0134357616453955	0.00602746576251023	0.073737725032704	0.0103740794661026
ZNF443	0.0757401785614193	0.229067990989605	0.116519389633193	0.0593793315204278	0.0770774992368259	0.0524242664264266	0.0217509776378277	0.0266056583275733	0.146466430360008	0.0191400823648683	0.0334194905828838	0.0563280504679693	0.00412008127359043
ZNF445	0.0120649038408251	0.011322327860655	0.00621008864176531	0.00898008912559145	0.00970712887305036	0.00646876625580195	0.00454992419816225	0.00263116132955998	0.0111051372666955	0.00357172875396816	0.00366922418972537	0.0251696546810559	0.00107704687615717
ZNF460	0.0321626773061237	0.0806379825926076	0.0195513052974701	0.0284244694301653	0.0788713749761554	0.0301265401326103	0.0106127699610937	0.0157161145113757	0.0318344563752242	0.0141400194406645	0.0147730406225476	0.0561340238271359	0.00614699181783751
ZNF467	0.0864972251929361	0.44293868464198	0.0755464831247394	0.124927254206858	0.0882524933343574	0.0325948050226982	0.0277381116742376	0.0297830882468073	0.128062615967962	0.0220769205324927	0.0212771547656587	0.0781357362705649	0.011091987682544
ZNF559	0.0346600678523409	0.252789065190529	0.0636583411019348	0.102159192723218	0.0557821671575678	0.0220672059492031	0.0168946518453782	0.020182370753183	0.0466075383810274	0.0122127049696875	0.0176172986667199	0.212144972352726	0.0139270084195314
ZNF568	0.00146821835726363	0.00253541871962015	0.000516522397517205	0.00108454656959134	0.00945420659889873	0.000940796687179057	0.00530501707798703	0.00402130754870011	0.00459450929161875	0.00885626524773264	0.00707486004964053	0.00542942021244341	0.00685458817535056
ZNF569	0.0329471623555128	0.129141639458997	0.0565884593198467	0.0241844268276119	0.0216718146702991	0.0148114116812382	0.0033439375382992	0.00243757397083755	0.00920703866091011	0.0929903222548893	0.00691027845784375	0.0430035682563685	0.00313406748136114
ZNF597	0.0676870925680404	0.289339670826032	0.0645435030475305	0.101632002050044	0.0939377280319482	0.0260441126434264	0.0191696787082848	0.0204108498524102	0.0792929481245043	0.0322555504354824	0.0193082779100844	0.114922661998193	0.0182478692051411
ZNF599	0.0628223064550439	0.1896932244764	0.0751057949526028	0.118891634661064	0.0566199918176025	0.0413197855012215	0.0306288937918533	0.018673135654225	0.0793269734142469	0.012494940758195	0.016033733791985	0.069886611204226	0.00712070142524557
ZNF600	0.0513130325726132	0.186554048406161	0.0811925626820281	0.0747263468767131	0.0887485071540619	0.0479632027925923	0.00977094925206135	0.00997667798908941	0.0407329136510862	0.0118534389729661	0.00960778252710948	0.0232183629897119	0.00381457813977659
ZNF615	0.0159072802910255	0.0797351849337214	0.0424439266503798	0.10746239923827	0.0672770507239515	0.0218895646726369	0.0178246989783372	0.00599989831025483	0.02704548698886	0.00949470341509062	0.00384043220716446	0.080708015652265	0.00398365431191006
ZNF646	0.0776986747907586	0.188444031554668	0.0658059983385545	0.0888751366483074	0.0700239450678614	0.0281433078408473	0.0107511420374169	0.0106243073874458	0.04508725216938	0.0986761487590559	0.0117006362433011	0.050521818193075	0.00570847547113629
ZNF658	0.0568538388278917	0.132859762567262	0.0261216833113668	0.0268241124980139	0.0331989716621569	0.0152585000662087	0.0065176668768876	0.00970775560631754	0.0365635194922439	0.0273335189252513	0.00548911867919222	0.0362174365239366	0.00525137069646209
ZNF671	0.0568845021318362	0.151076666018805	0.0699010894595492	0.0972995996648106	0.1134701490934	0.0187953553226231	0.0256540152331459	0.0215085929247215	0.0719600386970898	0.00794989141729319	0.0156222536232169	0.0438289493666908	0.00644238408541353
ZNF695	0.0244640012418357	0.0942647498077452	0.0239696608246466	0.0645865688934666	0.0651419131816564	0.0212219258140558	0.0150958741460566	0.0120079097443175	0.0596381260799042	0.0366176949975092	0.0155019714529372	0.0342404602478281	0.00328989290094828
ZNF71	0.0472074886979161	0.176079037774559	0.0479737832578653	0.0861517524216804	0.0890873933060682	0.0302020605716298	0.0135314887169815	0.0122650764891434	0.0498573646191046	0.0161033681671106	0.00840597320438996	0.0269563270581741	0.00672734565087307
ZNF711	0.073663921980185	0.25005275620935	0.0369448925972335	0.0814481451994188	0.0807052998594414	0.0175628647269988	0.0145391847845561	0.0484512915217232	0.047957080685979	0.0186544087857172	0.0121868788325998	0.0338991752096204	0.00669193302758431
ZNF76	0.0521965830176221	0.219462156828874	0.0545382455763921	0.216975768277364	0.16193776404918	0.0359538012788673	0.0425945436926444	0.0248062203415486	0.0940078315626945	0.0269208948954953	0.0182048324535481	0.0706721806608516	0.00645708929463074
ZNF768	0.0458912328629216	0.19001727642583	0.0698668155766956	0.186522524185962	0.146277526223378	0.0454232663556923	0.0439288139443265	0.037310501906207	0.143587829629192	0.0320137464131636	0.0321963941796962	0.107802322551544	0.00526255041106694
ZNF84	0.000410205402862074	0.000671579953040458	-8.88178419700125e-16	0.0014993030543683	0.0113680848187702	0	0.00121726781496034	-8.88178419700125e-16	0.00137816523354395	0	0.00305316052193361	0.0325078179239265	0.00282608718605237
ZNF844	0.0223941728026452	0.130354935936744	0.052597680205659	0.0778604457746547	0.0715228654827327	0.022724456525823	0.0161699082197289	0.00738221862007726	0.0325922466146646	0.0106396000461192	0.00637164081952812	0.0554709234612826	0.00909805302121514
ZNF91	0.0467322433109603	0.180639382573288	0.0652141664151393	0.0853340093681368	0.0783570408413157	0.0677990533999971	0.0179386705045327	0.0180917868095124	0.0780678710951643	0.0242530841634991	0.0168191449283112	0.0827959410542928	0.0063391548852314
ZSCAN9	0.00336687472420816	0.00840181824770514	0.00633236458227715	0.00621146497289682	0.00454161638258344	0.00417675854517319	0.00147216338561129	0.00211980797847278	0.00522466266419475	0.00137935600962091	0.00328612777021842	0.0729329224530543	0.00530793976406219
