Neuronal/Branch A	Neuronal/Branch B	Neuroblast	Cycling ENCC/glia	ENCC/glia progenitor	Differentiating glia	Fetal glia 1	Fetal glia 2	Fetal glia 3	Adult glia
AR	0.0388239887677702	0.0379845412820213	0.0144340955315874	0.0323803330722874	0.0791382818180184	0.0917547749771281	0.0205017154057608	0.0496171535202335	0.0797356658201259	0.0776152243279739
ARG2	0.0312022541446579	0.0399789618882288	0.0118879785982542	0.00759050423360785	0.0281975864407672	0.0161833618570705	0.0153209178306047	0.0177243177752073	0.0311651276279763	0.0181897910870096
ARID3A	0.0491659343060555	0.0507400128463176	0.0234474404342239	0.0156779802878546	0.0293264441314249	0.00747744810047457	0.00503767088767859	0.00600212568499903	0.00531306001141951	0.00688339766159707
ARNTL2	0.0711051412340669	0.0550046001193522	0.0177055874168285	0.130404084004197	0.181536808402026	0.0648496701719908	0.0222417911687529	0.0636123196518896	0.0719603080454104	0.130989926921481
ASAP3	0.133255889463269	0.119556770659229	0.0254846219319701	0.104218881793023	0.146440762004675	0.0874171150367447	0.028101769982416	0.0530902667675404	0.0833988705278723	0.126576718671967
ASCL1	0.105283828591329	0.143230032709038	0.0647288780685917	0.134714611907805	0.224143030843631	0.0780577378999807	0.0286196852102132	0.0468195638451161	0.113129703524299	0.129333355355339
ASCL2	0.185785904107548	0.198384535925916	0.040239186163985	0.0266903452704774	0.0258531742907755	0.00769480239645859	0.00842402672863873	0.00781160450061114	0.0178381202546821	0.0331299852759245
ATF1	0.105790292755329	0.106002013909383	0.0293121571834368	0.0848128300304581	0.157812278488611	0.144176129505787	0.0553961293129609	0.0989396344867071	0.0945185896225857	0.257848343092893
ATF2	0.184361697438978	0.163733875419457	0.0399499183017078	0.138124426832429	0.202110974470158	0.103935835248021	0.0469582448242648	0.0662200533303168	0.105626258809564	0.175118871062072
ATF3	0.12694971899466	0.11982880068379	0.0313579575803362	0.142167091420483	0.19066315613763	0.12282637537733	0.0611720872750631	0.0761586854427889	0.107072969971246	0.257366819586535
ATF4	0.141186411992222	0.13562640155725	0.0348493226530051	0.141204309977081	0.201212366326895	0.110988989319277	0.0575505521690364	0.0700976727975321	0.102187767737042	0.238778493787649
ATF5	0.174289034502309	0.155232938293566	0.0257282275151399	0.0861535247211516	0.150602287107357	0.101384349504784	0.056741412936494	0.071721578542332	0.0859887166551524	0.217522872422691
ATF6	0.180404112749192	0.195098484967256	0.0315196894254475	0.0960397951890571	0.157804692461032	0.0875038755019991	0.0421297054353289	0.068741812605312	0.105938845206041	0.203521068894795
ATF6B	0.011424646759483	0.0223552874783133	0.00473487695429464	0.00466088270141718	0.0172618650750891	0.00911635636645114	0.0192109966040549	0.0171244905194067	0.0209197397245742	0.0518554486357289
ATF7	0.0631473881437169	0.0632012840250211	0.0131613708857551	0.0432699286856846	0.0791754503894544	0.0443848592963594	0.165236206554657	0.0697809378234548	0.0601081926237574	0.293000472785306
BACH1	0.0715659099569537	0.0609492311783488	0.00986972853378076	0.0759157908609038	0.120198848008515	0.133566554604717	0.0858240081836767	0.132344555292165	0.10261263817285	0.316883936138755
BACH2	0.167717049173124	0.155685469877409	0.0272840626030971	0.0882526010529477	0.15711580346011	0.0905177099974525	0.0858411768012665	0.0782208059421872	0.102934764906372	0.237908107453898
BATF	0.102675106597087	0.0975516902019514	0.0235260227998869	0.106185280163776	0.142287713898931	0.0927635043531686	0.0687406816431858	0.0663590360551249	0.0963417656561996	0.373706646079435
BATF3	0.121037514143729	0.112807962542394	0.0239558135447778	0.0776475754246304	0.113373346117333	0.187676730598995	0.0495615532637538	0.0586562534833901	0.0680654947537939	0.226663917003876
BCL3	0.0722891698314087	0.0737238095061445	0.0160570446061011	0.0747162482254875	0.119651168573295	0.155788508210023	0.0699673220485776	0.0704555693614191	0.110687695452557	0.360219217071746
BCL6	0.0409144333428231	0.0418203455046835	0.0144909451139366	0.0278545755172955	0.0783296804619926	0.0607864423346413	0.0294428153725915	0.0551376428763654	0.106765393766146	0.133696452731745
BCLAF1	0.150625553161262	0.145881501784979	0.0368763277093077	0.152482204810736	0.210307852626402	0.110038564627189	0.0495450015363148	0.0689396855649465	0.106474478459117	0.206252727628468
BDP1	0.160967371164127	0.149174574166098	0.0315159477274126	0.131783173486957	0.19214638272933	0.108541000392442	0.0488880148105716	0.0694549738729093	0.103427106820602	0.211404202237527
BRCA1	0.116438468072828	0.119320774108464	0.0343404163090312	0.212987817259756	0.220828372296643	0.101871495410316	0.046586674707416	0.0693053216652386	0.105449510389912	0.186356174979691
BRF1	0.15552986062698	0.144744139774189	0.0305944194540779	0.130809494337589	0.176869914805481	0.0792601727757805	0.0530920473084949	0.0674525091011586	0.102031724219877	0.235018869915158
BRF2	0.0381934602711044	0.0429646850397799	0.00899936960510661	0.022042546040916	0.0576024312845697	0.0604270244202166	0.0592531847819877	0.0474117242964325	0.0631592255490399	0.2300538330324
CD59	0.0879912491303874	0.0786734741553136	0.0153098682943722	0.0755129149469441	0.121112646015087	0.101375648439604	0.0759720070020583	0.0871467470836745	0.108933702942237	0.408538084733629
CDX1	0.0697919358201459	0.126504767400916	0.0445316540279163	0.0862552233268649	0.174636607086067	0.0382456074207276	0.0373670427611664	0.0517245194377731	0.0992888538577568	0.204443061392292
CDX2	0.0442600660687426	0.0510264328588147	0.0119119558725762	0.0368550223044506	0.0756824931153459	0.0590636004573258	0.100084007303366	0.0515108184712467	0.133544850800961	0.326975332206854
CEBPA	0.167421867803522	0.181668549651834	0.0274597227634307	0.0603327963622894	0.120646874868115	0.0620691244315954	0.0345491664169675	0.059032199226701	0.0878592595348767	0.144013017918719
CEBPB	0.105817052002004	0.0979364678401575	0.0227107826930499	0.105384246741558	0.151056402230269	0.114343765987838	0.0709434042469886	0.0798157088489968	0.105038582861732	0.348109739162314
CEBPD	0.104622789526337	0.0986074269740465	0.0246474265773898	0.123074611862115	0.179156441635623	0.143745344310731	0.0675176985168805	0.0830476590107629	0.12832290770906	0.27062353420233
CEBPG	0.166129571238286	0.148914091672015	0.0298878153294626	0.115245443324597	0.173706537768484	0.145469670525797	0.0482655902176147	0.0663923851319043	0.0830415934049732	0.204505965385921
CEBPZ	0.09956884110308	0.107591286559699	0.0298041327773949	0.125285081383385	0.170018495755257	0.0790780020803603	0.0483388626906981	0.0592588709318874	0.101965066759906	0.181382266562515
CLOCK	0.130200778999766	0.128913015433569	0.0274060597812807	0.0739987170706428	0.145947557943014	0.0778474355726217	0.0481050042509326	0.0616535366926902	0.106128315929249	0.275428113302917
CPSF4	0.154834574175611	0.167595428391339	0.0312500041889987	0.0245036949380503	0.0514821180144521	0.0269600663932674	0.0156314727033636	0.0280848499234352	0.0514737870322304	0.142902660014747
CREB1	0.158899950056676	0.154360789553084	0.0363846583587746	0.125588427824814	0.205139795331888	0.0969300273564887	0.0464478601702518	0.0720547900701866	0.112319397348243	0.203853461285795
CREB3	0.0744841111915178	0.0719360050261721	0.0165510721656127	0.0842042732227896	0.129731418237458	0.0644807752372819	0.109057840250408	0.103126375310145	0.127668757523564	0.36697863594953
CREB3L2	0.0313043825182396	0.0334614283840756	0.00779376915431562	0.0438707001328215	0.08234275024982	0.101676797144058	0.122130673159526	0.119774538434774	0.093138818397119	0.357905956882503
CREB5	0.15193952811855	0.137629259032301	0.0295994334395023	0.123492358058702	0.189130495639303	0.118631458951969	0.0602816922159392	0.0843664408757883	0.118907092486024	0.22395108870935
CREBL2	0.271382363918192	0.182039745660575	0.036954888717625	0.0504050348262449	0.10272835238462	0.0524246402545215	0.0203708975476063	0.0361092907305881	0.124563402965354	0.0817754658642849
CREM	0.132506721542419	0.121365246630589	0.0318666939947587	0.130065463892334	0.186371390594172	0.115648048758316	0.0594976926411668	0.0766488109224086	0.0962555514725311	0.269856024745476
CTCF	0.138460627518811	0.138633149595002	0.0330511873385732	0.164700449418632	0.200834665310702	0.109193047873862	0.0522705407784547	0.0731292942915889	0.104923824321036	0.21071237898409
CUX1	0.129718361323676	0.125467065485766	0.0328676780787234	0.137892620997648	0.203494494512866	0.0971169254222987	0.0691479073069227	0.0882903316402934	0.132259744221369	0.225495357240603
CUX2	0.282039014835923	0.339798005644502	0.0130247927106744	0.0240392837885656	0.039524433931455	0.0150344786475318	0.00894054124545707	0.0269155687612262	0.0213139409677044	0.0482699630524975
CYB5R1	0.00971476957190009	0.0195394897287072	0.00742035327611756	0.0197537584958777	0.0402412260918482	0.0484462950689747	0.0245730903479775	0.0665907601363388	0.185608680361481	0.126705107869965
DBP	0.143839164646964	0.146717365919944	0.0290636284453962	0.11995156667277	0.16384166958032	0.105657025590374	0.0525853128146093	0.0679745833661222	0.0844657685223451	0.166232023696244
DDIT3	0.113959433942084	0.106326213015088	0.024655448016097	0.125748574900746	0.16551409753321	0.141826512259927	0.0725259535921116	0.0746408807868907	0.100446649312746	0.287339445856364
DLX1	0.0702514334978017	0.105608760425184	0.0476923840238829	0.151650678985374	0.211998489064607	0.049981543119907	0.0219891444123322	0.0408140979007598	0.0634729997057341	0.0501932425998463
DLX2	0.147631844445555	0.139203957740536	0.0414110868726977	0.162011426207398	0.237025910318407	0.0930082520632962	0.0474567907393755	0.065329771511201	0.109374035772366	0.177794406614991
DMAP1	0.199399939091798	0.190709707645398	0.0277088624602873	0.108298299071316	0.148469875593427	0.0554230757687793	0.0410080834896347	0.0536299502594679	0.0843580201154467	0.163216308967164
DRGX	0.24011607105803	0.246100741060068	0.0348123641113269	0.0883294758389087	0.151722384010545	0.0570598768800098	0.0464446744760785	0.048621316140986	0.0886428426727018	0.152190079901339
E2F1	0.142945402156317	0.136108695657109	0.0430140586476274	0.213718484459224	0.228431511334109	0.0891926769555419	0.0463301868492926	0.0584235913194251	0.0926715678343842	0.173345248907663
E2F2	0.0929554074833207	0.117552416486884	0.0313244552644297	0.233458113531638	0.191685404895947	0.0867583458424573	0.0575811829768825	0.0552791784533341	0.0883820987871661	0.211066198066401
E2F3	0.159743580048932	0.156540971806733	0.0459032275675472	0.165820106620593	0.233160309053319	0.0890366948737892	0.0404595198750703	0.059755293941301	0.095552217357274	0.161032712335871
E2F4	0.0717992085993667	0.091419368476265	0.0248267443301589	0.0646621409810372	0.123738997947257	0.0507688002857171	0.04598500822511	0.0623935055474788	0.0891270899858922	0.156474136818556
E2F6	0.149402762974326	0.140505952266921	0.03478204286151	0.144902418611063	0.197879549229405	0.108899888045892	0.0560730135932382	0.0697661735703562	0.0949428633184725	0.224774986243336
E2F7	0.109578603520914	0.112466946077456	0.0307410066268176	0.242633177577166	0.201226510120838	0.105262232749273	0.0485013530327021	0.066428576010219	0.0964480670774832	0.197004507542975
E2F8	0.100707278327921	0.103764431793139	0.028010776605036	0.24032721042719	0.194004704204273	0.103655750104536	0.0627247816363826	0.0716641901012388	0.103786391760337	0.207994432818653
E4F1	0.0891321326902887	0.151411672149575	0.0275265200939064	0.0344752872706957	0.0876139881276922	0.0238647336331834	0.0155968363674485	0.0174580423349769	0.0606615563076531	0.084552634357143
EBF1	0.0521955450699558	0.0850847827471601	0.00754054270466353	0.00801834173070237	0.0310540280682338	0.015947833166936	0.00942910383889206	0.0224323685428727	0.0577943423449814	0.0466026985501821
EGR1	0.122070445364832	0.117897461566785	0.0301727161000335	0.138806262302924	0.187975871338666	0.119049180025932	0.0614733237813362	0.0766139773104511	0.111730287832266	0.266969406701646
EGR2	0.0714421254714038	0.0633979837431931	0.0125245901566109	0.0701346153790243	0.0956056068453462	0.194646051646838	0.0678677567923863	0.0554630010306578	0.0720430066305113	0.333030271720538
EGR3	0.102812775809855	0.0961722405347706	0.0209360939057509	0.104709110408922	0.148849576550288	0.172403917003955	0.0712867890830411	0.0770945893035826	0.0990529691018798	0.293371689532
EGR4	0.125679165891154	0.122437127335753	0.0269857171901284	0.108338199227048	0.157321331486915	0.145789248730428	0.0631012047196895	0.0700834994961262	0.0977916376166208	0.27465591898236
ELF1	0.0685547882685411	0.0699560489164903	0.0196868236875688	0.099258960169303	0.169720204183005	0.117615957890695	0.0907460737428383	0.0999033080994565	0.134131977163067	0.319682638106009
ELF2	0.1379722158098	0.137458871184833	0.0311909292382561	0.124635979123829	0.189162751946378	0.118421538664249	0.0542695918853928	0.0813359833245884	0.116839492390357	0.232324708446053
ELF3	0.102699095184167	0.147273190175136	0.0392815914359637	0.077936450437032	0.171204062995613	0.0705176161289086	0.0446763457649969	0.0553980902629347	0.0751219758529114	0.206196995919634
ELF4	0.00762715343524645	0.0202710035792488	0.0012004048235551	0.0107538666638924	0.0220248669722227	0.0140810183428558	0.146676132709846	0.0391393333123536	0.0235992301232638	0.218366141335813
ELK1	0.116315085171912	0.110026679207009	0.0245552426638218	0.105612110792681	0.170629052201822	0.0994930820982908	0.068875510898522	0.0948681425799558	0.128682294570202	0.28765890398681
ELK3	0.0437240775048632	0.0354390602662651	0.0156928808310879	0.100040464355244	0.168771897061169	0.147969212881912	0.0497428041872897	0.0861496306631973	0.104273852398959	0.221725541800636
ELK4	0.11591169099029	0.100747417879844	0.0232285284284842	0.0931949040253868	0.156401363799866	0.117074660490353	0.0686814543093976	0.07738777231108	0.123570402359532	0.270294265316226
EP300	0.128651626064473	0.100416091529271	0.0161272191341103	0.0415953281603214	0.0793142303695845	0.0518246294775158	0.0225375190128739	0.0378669784806509	0.0683565998642253	0.106983910357769
ERF	0.0746635066210418	0.0853193417313646	0.0226371592144504	0.0757538413041554	0.141889754353512	0.135268910811964	0.0557895707916457	0.082219159939382	0.113872689837876	0.294301493733326
ERG	0.12145716438511	0.117447903518224	0.0308115406923809	0.11587439474444	0.182085019216598	0.0882264430674433	0.0652677573759124	0.0875662065575949	0.124906176226522	0.276121754424499
ESRRA	0.180993773033303	0.140988115238864	0.0290405950743443	0.0804224760584106	0.155501350132905	0.0701817028644044	0.050172020868973	0.0720352069554673	0.0882390855668106	0.186951048548714
ETS1	0.0958042584156524	0.100515482128238	0.0233103422332349	0.133165592237525	0.184378227939288	0.112378200613714	0.075008187620869	0.106325868576656	0.11855832080085	0.268968181126714
ETS2	0.12779253291028	0.140417220919095	0.0177434543692626	0.0816563690751044	0.128931264780769	0.141634593025528	0.0576565403429746	0.0806711886639434	0.0898401746744689	0.290162554152472
ETV1	0.201948736518498	0.183804974066664	0.0376050459043682	0.129884008342195	0.192901166757408	0.0775885197984623	0.0456209650638175	0.0639832244192922	0.104262273103262	0.196310979691595
ETV2	0.166963734056908	0.1671778717986	0.0328247453648608	0.121380252228111	0.177943285306893	0.0763936435876035	0.0514341252056182	0.0648856411556694	0.0984673717881424	0.257177697227473
ETV4	0.153357763364391	0.129848841417006	0.0442481632426317	0.172090525004176	0.227422126640456	0.0925440417155929	0.0458830105005754	0.0662338686701049	0.103940308059838	0.193167947667214
ETV5	0.123179567237153	0.111855092036421	0.0376385249356034	0.156522347088981	0.223247504180873	0.114403481307651	0.0452189002941797	0.0718097895902156	0.121410858756665	0.179403855379835
ETV7	0.0809363205535937	0.0758435542539682	0.0207210470658596	0.0861996198282683	0.128261943391676	0.0816461469148676	0.0595223928390479	0.0720614728107377	0.0928715178266328	0.443861307756804
FEV	0.215218796945282	0.19337051520275	0.0327239819481058	0.0667799253547814	0.117345094324299	0.0274432171391691	0.0356960576413955	0.0454437152241848	0.0792916993281064	0.168493699073852
FLI1	0.120053604461108	0.117402339227156	0.0277506630926994	0.108933184617377	0.172124033041861	0.0820281761063726	0.0759297712781996	0.0946937556052563	0.121074215936417	0.288346149422184
FOS	0.130676885021179	0.124114725952773	0.0293617004836243	0.131950919537919	0.182443264758918	0.111804372048572	0.0641137391295536	0.0777928402681148	0.113909527354093	0.26935541783455
FOSB	0.106069641602642	0.0994933990984416	0.0230372240777067	0.108725687218093	0.155015533089846	0.120585036260288	0.0685971478565536	0.0785731667608152	0.10266921193193	0.341086303138993
FOSL1	0.121916458106229	0.117400319027395	0.0285421910923653	0.123856336159552	0.172560628511866	0.0944017925048387	0.0697436651801334	0.0783379082378606	0.102600802174253	0.308747205250411
FOSL2	0.0940608868743675	0.0898050101222614	0.0201782654776316	0.101085734475052	0.151482824307646	0.162914584482478	0.0657596865194636	0.0916314862560987	0.104797046867604	0.311123854175026
FOXC1	0.0736108987881828	0.0691680056952758	0.0109207056026052	0.0633416386639822	0.140509150510101	0.124568482872989	0.0469223107394573	0.0925693279894546	0.0642620731324237	0.163880739687078
FOXD1	0.173699676089888	0.130716687254707	0.0286377328636664	0.0988456871040212	0.12442341988553	0.0939118429408342	0.0473931907148676	0.068693968505585	0.0914208178590865	0.188367439757271
FOXD2	0.0380260492837178	0.0489766868727259	0.00872640806411618	0.0515463407951794	0.0559102555149157	0.161205362292946	0.0622472686033848	0.0665565215670476	0.0328914534217579	0.223774937575792
FOXD3	0.029721501817502	0.0393010021690178	0.011375740448783	0.0939591481673074	0.152738590396814	0.0890989342850402	0.0890347158371239	0.105216178251459	0.113151640083386	0.166313762547031
FOXF1	0.115351016089165	0.127653887889166	0.0273624034978998	0.118980020281564	0.184880073867307	0.110346734437067	0.0619269615279393	0.0917790055264109	0.110626677489864	0.25412350317504
FOXF2	0.110023196824372	0.113202110807201	0.0266590190739875	0.0925675290747792	0.148424550063097	0.103180513565019	0.0704937179837515	0.0944636409754303	0.111222671044343	0.286605151511997
FOXJ1	0.116664457128892	0.128190719385144	0.0253347039401919	0.0865131812024501	0.139210966404929	0.107378487143661	0.0577032773026422	0.0612213317121175	0.0762094311880165	0.250005953430855
FOXJ2	0.103252475687951	0.0858028447338245	0.0182929518823647	0.0711633047948815	0.129977304829549	0.0650234953737029	0.0476307575531724	0.0946405050289798	0.138482469196652	0.224370361531794
FOXJ3	0.0198529449589732	0.0341556459785671	0.00961199063924123	0.0131850526245787	0.0341324416826468	0.0157839963829896	0.0155875797546069	0.023020650960428	0.0352814658006942	0.0395073676526458
FOXK2	0.087710841513721	0.0933590517983249	0.0206723152913535	0.0312941968252735	0.088458799916976	0.0536637762447395	0.0325809764136169	0.0497542521225592	0.0677971176913778	0.148532520405423
FOXL1	0.0780808866377108	0.0976030419453046	0.0130342255855856	0.050835609935265	0.0930434443272841	0.0550398563845733	0.0968239432327704	0.0976055212076069	0.0661118564398334	0.194529249039266
FOXO1	0.0348475341213987	0.0349984925350332	0.00914808979724935	0.0559798519332386	0.114673018520102	0.160223746397321	0.0528134760095386	0.0766216188378729	0.134465044440358	0.30424332385126
FOXO3	0.212416229581701	0.197175423167827	0.0352277336537435	0.103364540813655	0.17012338480098	0.0828679647938845	0.0392888117140425	0.0624740019738789	0.108192973594874	0.184371761200727
FOXP1	0.108549909501952	0.107452934334304	0.032515040944277	0.151605178432132	0.234261506754421	0.104169099845682	0.0545370941893739	0.0823994649794212	0.140363112330232	0.213156756815986
FOXP2	0.0995436035788164	0.117925199812814	0.0284742242224708	0.142328379744635	0.211193358215713	0.104428133398537	0.0469815488644667	0.0750551134612091	0.13348787519631	0.210760336842894
GABPA	0.121983520832881	0.130166144273204	0.0337530037029963	0.122141126869375	0.196422089037878	0.0974925377769913	0.0542366819720346	0.077698691248142	0.123139416421629	0.246179802338744
GABPB1	0.0449990318425354	0.0616226595890836	0.0206720186273911	0.0750796694060855	0.118140134172697	0.0474687600117835	0.0514850317696784	0.0521390966998672	0.0768989389172855	0.418530176891881
GATA2	0.167527275731468	0.150547245451876	0.0262401778028396	0.0640594513652776	0.129823618705192	0.0619854367699141	0.048680812508706	0.0656040417923179	0.0863686232999138	0.252919510789312
GATA3	0.213219057088246	0.20981246722028	0.027886519950645	0.0392167469559412	0.0969713573376038	0.0671308544573153	0.0254873266083567	0.046170243438475	0.0582781933547883	0.140023931265125
GATA4	0.20258134440289	0.184021673426812	0.030659275642825	0.0641478847622627	0.123123151498984	0.0525319564157293	0.0416751893119239	0.0423679718108564	0.074874490014287	0.21851714280855
GATA6	0.0718035505073467	0.0881214484645008	0.0126849388662446	0.026784223819297	0.0618499250152382	0.0297685699209354	0.0268791554275538	0.0292242070996147	0.0463823890646281	0.194343791510677
GLIS2	0.12437948259784	0.10897722802455	0.0318123412893179	0.110659363155196	0.165367294856422	0.10798433451386	0.027221046533365	0.0473334255838027	0.0757809254821353	0.1755463661857
GLIS3	0.0513143737068591	0.0540842468139737	0.00755273561155612	0.0473349307533292	0.077237851482608	0.0662748147878786	0.061231783942028	0.0797174226522116	0.0863413043675073	0.503882525302475
GLYCTK	0.0578117193920845	0.0523545281411394	0.016310781323494	0.0656809058001234	0.115619594372339	0.074854138399944	0.050286897709411	0.146815098468062	0.0754086450720798	0.175605159383782
GMEB1	0.0980398899651959	0.10282882101179	0.0307638815532337	0.105351818819169	0.181458765515569	0.107357219495111	0.0563439253947885	0.0822795517705088	0.101982952846225	0.251135477978253
GTF2B	0.156037874422489	0.148918800275082	0.0330047899678069	0.127814913587576	0.182836940941185	0.103122729432148	0.0589497666660733	0.0759631722256486	0.112102668657478	0.239295696543375
GTF3C2	0.115315223792021	0.117418066145476	0.0279654406191235	0.140248559312736	0.197454958683953	0.0686482904194202	0.0542547768648949	0.0869325275991902	0.116595129266651	0.227791721493575
HBP1	0.0354957902036936	0.0716004258165727	0.0223121898396772	0.113623510739756	0.210706419744283	0.0992447623790844	0.0832084611642651	0.0784989469630825	0.155929648817157	0.243532358670956
HDAC2	0.162470682547113	0.157306607365286	0.0429789737505698	0.166673850797533	0.225419157878362	0.0844308234019081	0.0481364579120818	0.0648498585639719	0.107965204161403	0.180356846308406
HES1	0.0163682588011548	0.0139304466697697	0.0149990153397868	0.113240269558508	0.193342170712355	0.12631158099502	0.0772452968619198	0.100515666423919	0.149286951732519	0.316803741357837
HES2	0.144363981683478	0.178998148182605	0.0451228212911584	0.132403855647909	0.178845365516099	0.0337238294761874	0.0245141771364367	0.0427503512365965	0.067571570727109	0.12141445133105
HES6	0.0590490835082425	0.0654933510185386	0.0210197809932974	0.0615874440508948	0.112640516432076	0.0835479119772932	0.0231903817490937	0.0497998981177453	0.0978543659187399	0.098057390481077
HES7	0.131598769730389	0.135148545071173	0.0375757532146772	0.1399147410134	0.204852498810017	0.104783492898904	0.0424172707247825	0.0644862384211896	0.0892969937908921	0.184118239654931
HIC1	0.117844405747498	0.121417158024153	0.0271373474075146	0.0997212112417459	0.179165704964306	0.113207666406194	0.0631951911269366	0.0959321987844196	0.139452788372201	0.249633832864137
HIF1A	0.0569932265909971	0.0668674078906831	0.0187851071308623	0.0266577669320194	0.0656164555672806	0.0355237267896327	0.0151679591143565	0.0295853352010927	0.0335949239855075	0.0889678379225773
HIVEP1	0.074498567789526	0.0761307316970194	0.0221664126691231	0.0814143276331417	0.140838960997067	0.123975481763562	0.056051680154183	0.0717011689057565	0.0947026218425459	0.190663220977856
HLTF	0.0193768900196606	0.016762794311184	0.00325476280039616	0.00445841593009488	0.00766654026561941	0.00714506355483513	0.00518004028281815	0.0375345670197258	0.00409862411275996	0.0310168136007287
HMGA2	0.0560999757492185	0.0594636947414443	0.0232275095209887	0.170769084223326	0.265915077882416	0.103053454987633	0.0675332018445972	0.103555184709233	0.132479522394286	0.165154346300586
HMX2	0.240293732973731	0.411471685385809	0.0499326148178877	0.0731791041846116	0.0832872499227908	0.019979909586025	0.00314648813640439	0.0056373387742763	0.0448516605300989	0.00561302640723282
HNF1A	0.0567251841128971	0.0645494841602623	0.0192689305828317	0.0281806497203528	0.0529427613151288	0.0117584642091587	0.0206698992753587	0.0157100460909987	0.0350238615781787	0.0254475187345629
HNF4A	0.112687552818515	0.10598125113287	0.0318210996742826	0.138869709620537	0.213949175983569	0.108550497084381	0.0579115149514012	0.0795081081520842	0.139681578146398	0.149545384878455
HOXA1	0.0845641052997373	0.100344896354618	0.0509684025148395	0.0811850277388908	0.0953090179902302	0.0369740082094839	0.0556969903409409	0.0736266777653828	0.0613925707612131	0.178238916717326
HOXA10	0.122292610257613	0.082911888210865	0.0158529849856286	0.041740497879869	0.0727220709834728	0.0261383508951663	0.0510621072677263	0.0358854259741715	0.0414126678614943	0.151913724175357
HOXA11	0.0654218741667999	0.0877438542264066	0.0133164475892102	0.0284305247923785	0.0678110721210496	0.0408831067648672	0.0247405063608942	0.0257189046760767	0.0439740822678201	0.214767869683702
HOXA13	0.127051681373912	0.113074641488592	0.0437787756481633	0.1198037502632	0.192481629406181	0.0480842810138478	0.0530404591656097	0.0496690269203846	0.0994625075199679	0.164571116935265
HOXA3	0.172924611413102	0.17747796397286	0.0441600904721644	0.165099487857381	0.21054080776856	0.0855337427025109	0.0432150448857939	0.0578019179471683	0.0906448626694086	0.173535825446561
HOXA4	0.213355424965861	0.219729319847924	0.0390858597065524	0.138465195470032	0.184889128575341	0.0729271009093131	0.0427904413918795	0.0555196909112542	0.0994202541940189	0.157182530416166
HOXA5	0.22099193952408	0.226196321876492	0.0377343501517714	0.134116388311748	0.180532836136578	0.0797251306520869	0.0391218468729657	0.0528210931062423	0.0959880635007891	0.152060368170641
HOXA6	0.15397392489628	0.243352741630761	0.0243458598451517	0.0547567544714442	0.0871436197468149	0.0567083076140495	0.0213117627327808	0.039788142619899	0.0956753848292027	0.14147909322675
HOXA7	0.089379256185524	0.118983608865276	0.0229139320592556	0.0922607041170721	0.167962899581188	0.0816543774667779	0.0600727127567522	0.103988771735063	0.141303828977092	0.163832098298685
HOXA9	0.0917894066945648	0.0894924015384034	0.021829244466691	0.101139445106714	0.170118977136468	0.113296393179701	0.081938355722458	0.0960913748637462	0.135768707812094	0.275303544236845
HOXB3	0.183260328665609	0.184654603395238	0.0393304773799631	0.148663147171059	0.211946711317223	0.0910645019548978	0.0395741786916769	0.0585536189861117	0.0989085049816055	0.162210303774516
HOXB4	0.196577526695615	0.197454139981133	0.0443264604881312	0.15103599908974	0.212800497584347	0.0839178649768765	0.0387358012032759	0.0560462851543003	0.100345741025722	0.14447573430812
HOXB5	0.289164557954646	0.315349861134493	0.0386699994427946	0.106909225245418	0.12773645739353	0.0446524942481328	0.0224661564581885	0.0316665212384817	0.0656760671443831	0.0818073248450818
HOXB6	0.199734765393885	0.264191998288262	0.0433079886187987	0.12748589532344	0.177998009084899	0.0595644013357561	0.0313958971063434	0.0503129932373386	0.0985464326170805	0.144677574672782
HOXB7	0.112311421146725	0.21062724225027	0.0182290329049704	0.0185834913480681	0.0711641934991498	0.0223206867197074	0.0450450954103609	0.0603744592587925	0.0729508376143256	0.190991919070458
HOXB8	0.226686738322251	0.268690249099179	0.044787919352047	0.0995047499304601	0.155703392571937	0.0604137057319654	0.0222979729026188	0.0370024482150747	0.0607813470101471	0.111762419477973
HOXB9	0.112617418864191	0.0985542858321413	0.0257413261577698	0.127910612276562	0.188967697633846	0.0954343706039069	0.0846387351550906	0.106057011316558	0.119339442762346	0.265017119810525
HOXC6	0.186099424929187	0.167196145707604	0.0290403896288561	0.110775227079135	0.168673194878286	0.0602217804434312	0.0501703098811827	0.0892884837344217	0.0894041887102235	0.156746233189303
HOXC8	0.0139470977869542	0.0270597108223147	0.0051174992141777	0.0150417482089825	0.0399553518922054	0.0476228830349641	0.110876556422653	0.0372287629738172	0.0376677839213252	0.103447945963151
HOXD11	0.107050428466897	0.11776378408612	0.0183697772431121	0.0676451646871502	0.125274546555216	0.110747239953221	0.0912434215451782	0.0926571445643859	0.0943407178010175	0.276438288364976
HOXD3	0.0812109598340403	0.0651667509759553	0.0172773167789808	0.0147846307941762	0.0404819141552284	0.0213339445684242	0.0201888762088271	0.0181835630626519	0.0425695155882752	0.0204017184762236
HOXD4	0.096055624125828	0.0854338156514578	0.0302222223890977	0.0826102607748032	0.109643081209421	0.0815152686884327	0.0342331290998045	0.0318497536506328	0.0631420723809655	0.0534426438437554
HOXD9	0.0331429048256409	0.0431476857187226	0.0097409435174165	0.0563924409270834	0.103338658107463	0.0606235497192114	0.0276214489259121	0.139742865348462	0.0701975687365178	0.0942227433138075
HSF1	0.0732688539697968	0.102319481362156	0.0377071819924398	0.0416408160749135	0.130138122416692	0.0428221982559507	0.0288870443961072	0.0445522645774371	0.0744506895002597	0.18459874046529
HSF2	0.127335372521663	0.130717910024088	0.0335834150971098	0.133073831537305	0.190119925360022	0.122194583710158	0.0448724799279069	0.0650947738973005	0.109557133418744	0.152832827520823
HSF4	0.0708029298960575	0.0545801089949653	0.0155527475087471	0.0132380876276422	0.0443202077675173	0.0135539302799389	0.0129340722757995	0.0207592320465934	0.0273050891930156	0.25995625511877
HSPA1L	0.0974540884406178	0.10452151221932	0.0307648850960488	0.121041607799652	0.181252146309499	0.0746938959155891	0.0419493298304783	0.0606899842242046	0.135169864290439	0.207160716962562
IKZF1	0.118913630246746	0.117493611802103	0.0340655873192515	0.13146112712127	0.192331494595576	0.0783220374487801	0.0586906281321367	0.0725033916426145	0.115185889105615	0.295655238114341
ING4	0.0315974785323176	0.0370952491392896	0.00397587975143521	0.0038222092704534	0.00403930885917514	0.000997583201778895	0.00285846999828676	0.00151542180759312	0.00575956638029151	0.00739209769032334
IRF1	0.102350306379439	0.09668633716473	0.0244265852360788	0.119624648118094	0.166947829899538	0.124689125471272	0.0630763203915055	0.0793196668146462	0.108673136377757	0.323886970751138
IRF2	0.126605202350595	0.125547538815345	0.025233210289434	0.0926771481384282	0.158538388395805	0.0794128494056112	0.0862968964593919	0.0821909345214547	0.121012340660207	0.313261035200291
IRF3	0.13372031361104	0.127776710901533	0.0299358121726834	0.11611948604675	0.17369625032275	0.0897817314168416	0.0695610798094957	0.0758881019933441	0.106446366997132	0.292653907855233
IRF4	0.11341938335009	0.108204420226591	0.0371550357038501	0.124614424038031	0.1993244431815	0.0837863594428947	0.0418103326873227	0.0418970047740028	0.0740134960105419	0.246929083656016
IRF7	0.0755099712254444	0.0795915310868145	0.0192876137087783	0.077533863074512	0.126709118238423	0.09424432294575	0.0593265026703735	0.0786182476097622	0.101681553916197	0.428205463265864
IRF8	0.0719464787167479	0.0706199479840436	0.0169599403621766	0.0772521273980157	0.122613145788911	0.091700691683289	0.0663507414182767	0.0767468113176659	0.0975301392098946	0.444691311544359
IRF9	0.0864270967752137	0.0833836279465847	0.0203708427728729	0.0861244925609433	0.135710684769282	0.0863178822377842	0.0664065038671393	0.0764659965376197	0.100618493599654	0.422289050898867
IRX3	0.222508928629613	0.188736025815955	0.0332245997469403	0.0607159986620533	0.11452373218757	0.0400112736279803	0.025959498775587	0.0484198321466854	0.0480375253578511	0.0981796542696254
ISL1	0.307405085225612	0.240565345068869	0.0165547712808815	0.0347829834060976	0.075643453897652	0.02244687172785	0.0152812301847597	0.0200206227910154	0.057663737143406	0.136156041318852
JDP2	0.0987805063388976	0.0916986737280603	0.0206283176071741	0.114824152184046	0.16493870884073	0.170468471267894	0.0677434677720263	0.0900626044903524	0.116085310728284	0.27280902296763
JUN	0.140716580539647	0.132354244899484	0.0299836633837188	0.131002005630641	0.181071576320842	0.113028350417155	0.0623091069738235	0.075383816244982	0.106422692799423	0.262857345988086
JUNB	0.113606516761232	0.106851972183197	0.0253857748445427	0.11642506743917	0.163292698923503	0.126491584285064	0.0665391552299062	0.0798123393554441	0.106788194649853	0.311078879802316
JUND	0.162455084138094	0.151460188921948	0.033145648849955	0.142873712165569	0.192931476944767	0.116937460137299	0.05352599311726	0.0710078407244529	0.106602543637901	0.210278409941435
KDM4B	0.0777076912912228	0.0604988694525973	0.0207534398546285	0.0470959951472815	0.100513594114492	0.0540365484106993	0.085645923533431	0.05665905954175	0.105888556445188	0.116330621020193
KDM5A	0.138532424521664	0.137663032264457	0.0339921070094887	0.152462479918402	0.209067212732634	0.113066862075717	0.0552106273297732	0.0748453133478791	0.113427211039593	0.203810184892353
KLF10	0.111184960516637	0.11261083404345	0.0221463301862923	0.095932780038706	0.14442616079284	0.191898096962418	0.0604234764407754	0.0692573096378238	0.089373372837643	0.263993009160072
KLF11	0.138198140379885	0.101466291428715	0.0106268936569941	0.0218356539480744	0.0559903017905891	0.0501200496220272	0.0174422247374959	0.0327320202591087	0.0518718415155245	0.0759779146077213
KLF13	0.181454605846477	0.150736546196255	0.022739894339071	0.0884715962135452	0.140348523699602	0.118334224792676	0.0463105978448625	0.050561193706104	0.0857896422458962	0.118916138369398
KLF15	0.0337292676034967	0.0430227325320131	0.0134988503584967	0.0250100859936691	0.0556603440002458	0.029378855219501	0.0357567131734083	0.0548896530096789	0.0570514036772025	0.178993864144549
KLF16	0.153692292848828	0.141238808670933	0.0297869583857996	0.128569846666625	0.176819044693522	0.157297468882663	0.0510789393850577	0.0675432710720733	0.0967184821681759	0.211475727725458
KLF2	0.0953147793204611	0.0840914294877146	0.0187682446494563	0.0891330013694411	0.131574069577914	0.151606474270589	0.0738434476362883	0.0799910088537394	0.0930494444817287	0.344364770486549
KLF3	0.131300841843612	0.124641474661951	0.0326059951371952	0.134432549508388	0.191580969170924	0.13994300306002	0.0558027655444908	0.0794803822584583	0.105808870718856	0.227816168089569
KLF4	0.0842417413183854	0.0795669790141775	0.0188433742773676	0.0838817174496111	0.127382135429375	0.103427564050739	0.0725509687657565	0.0754436951245421	0.100105157660624	0.417484523456204
KLF5	0.0700455184896611	0.072149152616789	0.0177164803343146	0.0813519957205621	0.117987941675566	0.0907600540927734	0.0927491255791796	0.0957924871054925	0.0956783443899626	0.404672019718793
KLF6	0.122206323989742	0.114758715602868	0.0257292124374002	0.120925968479015	0.170992067539707	0.112416354449606	0.0685481257875104	0.0813847244324492	0.112472868592247	0.296443853540997
KLF7	0.227806985048753	0.19924800866807	0.0337709405576292	0.108924340143211	0.167590116493494	0.0873000625954776	0.0406338465849529	0.0639777236473882	0.0991259828552561	0.182456714951591
KLF8	0.196587125973102	0.321681921804663	0.0735218821702172	0.104810415236864	0.13081844339732	0.0199215803151694	0.00700734885185061	0.0126935095241534	0.0242832847481642	0.0095116953140042
KLF9	0.0650769145058651	0.0637492048829684	0.0145341366812544	0.0812842251892658	0.127960808617865	0.151210346689847	0.0784149113268041	0.094446366402296	0.118494921134061	0.366525865202105
LBX2	0.176435304991642	0.131668678638091	0.042228811090315	0.0925144551229183	0.13174136031787	0.0816568622373161	0.0662264550153407	0.0930418989211628	0.0709944278871958	0.198600463505554
LEF1	0.0297130571554507	0.0319282349695761	0.0126102479779914	0.0970938215382356	0.162777333583004	0.127025752433108	0.0954121698575197	0.129303469535748	0.15356646030486	0.157819530156184
LYL1	0.0382601104855239	0.041573961431376	0.0077853010366763	0.0212390640413304	0.0568857692126107	0.0637010630307719	0.0400820831661454	0.0683691133136342	0.0611679932299687	0.253093684283846
MAF	0.0510875592422292	0.0262130844299464	0.00914457139577574	0.0237916662771256	0.0569926452321198	0.0530648756675044	0.0810746037977222	0.0540043977118168	0.10064387643764	0.466680979276588
MAFA	0.12218349565484	0.123476401935406	0.0393351349634854	0.117395417769979	0.173546174942663	0.111716262862706	0.0395806753467194	0.0457420945254428	0.103037325190817	0.203901530272708
MAFB	0.00893757178937526	0.0578904251731414	0.0013257919510985	0.010810923891729	0.0164686995562928	0.020444461716467	0.0191396971909399	0.0291594388883369	0.0135389723894299	0.125397253876088
MAFF	0.133845097039855	0.124698749325185	0.0289236668693673	0.134792501512601	0.182535104213136	0.153363954755138	0.0567596461128451	0.0706531694243647	0.101825218902525	0.236187034174462
MAFG	0.162973067881157	0.146967391886452	0.0292677355874075	0.125686401677411	0.173127519866375	0.134338941265759	0.0564534592348703	0.0760539536769816	0.108405125106203	0.218614461333711
MAX	0.143169396710336	0.14155221754761	0.0352278614282308	0.125265820191063	0.19294387812057	0.0859258685285167	0.0537334040507889	0.0699157180396157	0.121894765337929	0.259125651498024
MAZ	0.160618026277772	0.151613672059966	0.034038175998619	0.159816703508506	0.201292785167252	0.111459532978935	0.0492707095982883	0.0683632594002875	0.10511940313748	0.192481633823242
MECOM	0.037167571363368	0.043544484819959	0.0124690619559188	0.0332586990079147	0.0717017149098037	0.142353612334514	0.0426745276327992	0.057634730769445	0.0647399460256117	0.319761072106084
MEF2B	0.0788147307695866	0.0754061853725955	0.0151490576294354	0.0725401949593116	0.110774797295066	0.071166685427381	0.0759552263297389	0.0771011768955361	0.0926920430787151	0.451354689229294
MEF2C	0.0879993062098515	0.0815801166283835	0.0238572200934725	0.130369971361461	0.206674614219038	0.110008520399153	0.0732604242919949	0.112354480963575	0.131323262470349	0.252655671737249
MEF2D	0.0772706807331655	0.0963980393837565	0.0152141577416973	0.0481581201411893	0.0955833778756351	0.0680050604117669	0.0705369695492368	0.0683914332938982	0.0611641359919627	0.32286025557919
MEIS1	0.253267507040436	0.315419782771691	0.0513472474216442	0.0839512516653876	0.100069254572652	0.026138877631527	0.00730529648735334	0.0220338082465241	0.0263180103663033	0.0682176821262409
MEIS3	0.238124296718451	0.198878178506985	0.0330807788986315	0.11994661483587	0.167438881005391	0.0911012155906438	0.0403405200045509	0.0608395020087517	0.0929742728228166	0.174767404181609
MGA	0.1020210386842	0.091821991226322	0.0251354663179587	0.0587001249478588	0.132783440583925	0.0689104381934952	0.0648631679663064	0.0535177542646705	0.136625254746278	0.227817036723132
MLXIP	0.010692659448914	0.021394674533339	0.00911424412806205	0.0106289530574697	0.0316102282957873	0.0179627629409316	0.0138318928567769	0.0213072381585105	0.0369446244333249	0.105051660987585
MNX1	0.0996931859613955	0.103094071891048	0.0358336757733286	0.0739138943893825	0.143483650832944	0.0607900046490727	0.0330514171386965	0.0587532920417453	0.0885210496645232	0.145019720704035
MSC	0.125296155804508	0.0919819423413627	0.0351050913759051	0.0812758482238549	0.121368819894914	0.0837844786831053	0.0661637629473422	0.0973279739099276	0.0756464536306424	0.301811002738988
MSX1	0.0247778945823854	0.0285093234025298	0.00584015282751116	0.0190359743685748	0.0432468693702867	0.0709532452977286	0.0491093443558299	0.051359933249595	0.0376823257097343	0.20868035036171
MSX2	0.0549364895814461	0.0615539601606158	0.0223187938004878	0.0480854627409231	0.105849071858216	0.0896629649461874	0.0968235041667114	0.047126496217058	0.0890321363120586	0.163405408391053
MXD4	0.0799256801928493	0.0838870783506283	0.0171102493352129	0.0202867257219133	0.0604566875187466	0.0839636079880179	0.0100684086724883	0.0460002793855636	0.07466436636051	0.07761400924555
MXI1	0.173741032150003	0.167398325830528	0.0320773994139308	0.11800866181778	0.17934086886869	0.11329762304677	0.0537300700600716	0.0699592396141376	0.11347113424305	0.210031765374279
MYBL1	0.102915504401243	0.100849134707018	0.0240544185874022	0.151521220533705	0.169456663785788	0.137058182266873	0.0624692499335601	0.0830139676597255	0.135395832247861	0.234073721421052
MYC	0.140536719934555	0.130080325549636	0.0322483540784191	0.125911710365247	0.194986982392385	0.12815703839276	0.0541380189630851	0.0718581685981546	0.0980714760421105	0.244174950275715
MYEF2	0.136552770418895	0.145424087423892	0.0388477140323052	0.277308546628049	0.206200772060699	0.0832810578038014	0.0167644286356182	0.0358623407894392	0.0894293866415869	0.0462425013225648
MYF6	0.0413400472254493	0.0601579923535439	0.0248767613699872	0.0824716006981658	0.147717411815018	0.0595162140536977	0.0273071780779642	0.0525447197482755	0.0940596511522928	0.0986740046719163
MYLK	0.0454702971429252	0.0571930644053917	0.0126992231275878	0.111332791652594	0.147724691021395	0.122687461678247	0.0664977705289697	0.0947520194673932	0.150928307595995	0.122763635360575
NANOG	0.163585803273425	0.0926707660091028	0.0200277881000712	0.0582501564204052	0.0921038370089942	0.0698500394674684	0.0190406429569633	0.0480066366991019	0.0847803042003102	0.0869202804714637
NANOS1	0.243348196252071	0.185600403780653	0.0213044281143676	0.109685594218948	0.148236042946094	0.093404435020899	0.0424513903693223	0.0597708447572893	0.0849466354064092	0.152525540445455
NFATC2	0.0715617534254441	0.0665442013102657	0.0139074630767387	0.0778910757761264	0.125895709664557	0.103922861625397	0.120665225955677	0.0947233325900664	0.116299803850857	0.36735792340434
NFE2L1	0.0483328941270513	0.0474868766283953	0.0123534491370799	0.0276881547952801	0.0710998425112637	0.0448819149252507	0.0807752644160408	0.0664958359735035	0.077771492095029	0.327543912888957
NFE2L2	0.105323915612271	0.0992766980296327	0.0240792901690663	0.12425650486881	0.174090214802669	0.139002631729032	0.0692773544699797	0.0846679410951664	0.121380483166258	0.281063984655779
NFIA	0.0379384277256565	0.053411567950464	0.0186215382803302	0.106443049607457	0.205230463410379	0.136116579892175	0.0562249828670065	0.0963127926446604	0.219287619167083	0.190642603776456
NFIC	0.116214145119633	0.0975838463873683	0.0165277479907061	0.0699872118245802	0.115342649188729	0.0886688306407345	0.076890945991402	0.0887596026328591	0.121027186109807	0.380781240782422
NFIL3	0.136363148200717	0.127178916817098	0.0286774584846254	0.134931864114508	0.186412564523227	0.14742727764383	0.0570173751148291	0.0750580436228671	0.109017901769338	0.228199082560931
NFKB1	0.0609310696360821	0.0716319845351443	0.0138365698265448	0.0572751348799443	0.110843821223568	0.0852546270708864	0.0974558123742014	0.0841378055736089	0.110256166298091	0.401370514202863
NFKB2	0.0665459318393696	0.0679608973716525	0.0144111276610084	0.0780563671175548	0.125617830081202	0.116123628183659	0.091824545431233	0.0869091398601627	0.103528753234933	0.398012510512046
NFYA	0.0586634820221805	0.0763010106898078	0.0172766044861312	0.0569761789275844	0.100627482391926	0.10330293089663	0.028900057179863	0.0451103534450664	0.0975156784932109	0.0745091239024492
NFYB	0.119396558861693	0.123459973461998	0.0290187384081774	0.156437560811513	0.18842628191613	0.116094677672164	0.062517272395481	0.0738631176548373	0.11242601058157	0.238084401863177
NFYC	0.0828176491250077	0.107887495299958	0.0375145330317214	0.231143285176302	0.173278107094275	0.0754077932236608	0.0430576455605877	0.0518917345722266	0.0928546638803275	0.136262334081359
NPDC1	0.202943911686267	0.185383611999224	0.0364001693280622	0.130455451613933	0.186727037028402	0.0791871252786429	0.0476875214313549	0.0645786138950369	0.107685504453761	0.194127709634147
NR1D1	0.0590632162572462	0.0537873873863842	0.0155317708213908	0.0605645625729984	0.119068283180121	0.0719049113220492	0.106948827433278	0.0904471706165584	0.127991451497356	0.413623516162878
NR1H2	0.0489123401573617	0.0516718076804897	0.0174657718114777	0.0727753904123629	0.14104122111303	0.0887746078475484	0.0733573798634489	0.080641012921765	0.136028846922662	0.417904560981601
NR1H3	0.0369395583234883	0.0455737778664334	0.0150769664167201	0.0331240345507222	0.0860328079214989	0.0470706686699782	0.044089376516246	0.0492927046289956	0.107691516919265	0.195426560612939
NR2C1	0.10559021579138	0.0880836264469419	0.0153563726891607	0.0555132360494315	0.143390898968158	0.0963000072088304	0.0621661121580227	0.0575383585183812	0.138209614844214	0.152839112753353
NR2C2	0.164992796741097	0.163801798868158	0.0306297421427139	0.0917926156237951	0.162684997259793	0.081212169597492	0.047744044226586	0.0766546526724641	0.104848355349441	0.236362153299998
NR2F1	0.0682357344573117	0.0774786659151059	0.0198491244446435	0.0541520260029023	0.103508984631002	0.0569804338219393	0.208228616925822	0.0604726993689033	0.109125423850149	0.168820334331195
NR2F2	0.0374782709163879	0.0429252868472101	0.0120838190503438	0.0674102257908169	0.117773971861973	0.0719560895645349	0.207060488350864	0.135751480751383	0.08825788282631	0.277971735395457
NR2F6	0.0647477500217091	0.0673194337734075	0.0133360871743956	0.0212958322596325	0.0501973395426297	0.0341548089121845	0.0252422684957417	0.0347194083808835	0.0475955971836801	0.0492170946113453
NR4A2	0.0276551612834722	0.0331296164888153	0.0101664092801445	0.0343772295667144	0.0716508667804185	0.0428465623029928	0.191607637016736	0.0658869889667898	0.0544988576450232	0.293961723881767
OLIG1	0.116087884256676	0.114433490248373	0.0260857495630099	0.116507707657561	0.120693612743886	0.0450595136450946	0.0162141002381808	0.0338393437995168	0.0542506323207556	0.0969496960724817
ONECUT3	0.230677503058465	0.194800625545485	0.0290796760231617	0.102221877766855	0.153635984233624	0.0679954288425768	0.0543208566987421	0.0679894030571644	0.0985666879093375	0.19670478281752
OSR2	0.0449175744556572	0.0337684542660412	0.00592068148591163	0.0452180665329793	0.0508425144831166	0.088056568374881	0.0570305080574214	0.055334951979506	0.0615901820428099	0.502500756578269
OVOL1	0.0482798080256295	0.0502180455062954	0.009905889856614	0.015277485643478	0.0318088271700737	0.0585202956161833	0.0207005241233027	0.0176565130827819	0.0209249243046651	0.0600620584051181
PATZ1	0.192324260724853	0.155320023716682	0.0346432738807404	0.102838388082162	0.177625412194204	0.0719588102571538	0.0413700000329432	0.0616244686096998	0.097966823887451	0.20502325664993
PAX5	0.0450436653606353	0.0551686519684434	0.00963109188556666	0.0536817043651343	0.0945413179738559	0.0802275118889489	0.0457147501348777	0.0759983095688771	0.0719546996104714	0.2869269319854
PAX6	0.131533476164814	0.146887357041295	0.0120508408883125	0.0354058654556919	0.073105747582123	0.0434442315546345	0.0436113975156924	0.0801833589485739	0.0477583789329603	0.255620820571799
PAX8	0.099298979794206	0.108085355742175	0.034613722584699	0.114730752433257	0.162883650057772	0.0983544843410015	0.0373294522174824	0.0469090352308301	0.0720255899008688	0.187991527487429
PBX1	0.15102935601437	0.163752078453528	0.0350570980323374	0.141246036400676	0.218805270126841	0.0953433822670398	0.0530690048220566	0.0642200078453063	0.114510535687065	0.161465966458243
PBX3	0.214945204949656	0.192296788547275	0.0351874396061498	0.132057112226299	0.18438039917612	0.0836523516921465	0.0448014212242227	0.0609208601162546	0.098650315186449	0.183400731230868
PGAM2	0.239478620036556	0.220097725743306	0.0361280871887439	0.125686917067583	0.172888449340442	0.0708415584967155	0.0403636290838447	0.05437721065457	0.0949520317565047	0.161981479139679
PGR	0.0545261755052514	0.050302928675469	0.00915316982063674	0.0518082903539617	0.0855546160530952	0.151991974465709	0.074216348454481	0.0698750245449369	0.0778215483949496	0.333577855215126
PHF8	0.123253805995112	0.127281631420375	0.0313746768947537	0.11446489490297	0.189061558948311	0.100994564545045	0.0563740648816743	0.0743473314483643	0.114994114379376	0.241496263957943
PITX1	0.0252199166246984	0.0430764186426994	0.0186339913160668	0.0162992457188218	0.0790877639250345	0.0314821730288612	0.0466460087010572	0.0536051473965536	0.107584939749579	0.209432264861776
PKNOX1	0.0451803205802251	0.0648471109597244	0.0158516754169833	0.0405288519737262	0.0715501506974271	0.0509301925574831	0.0300795279187113	0.047728049385489	0.0498678841612972	0.0985264498180698
PKNOX2	0.0615853248386287	0.0801527107908563	0.014191208141656	0.0773698805263229	0.130382549971929	0.0614503049816896	0.0322314184591446	0.0542757793599905	0.0683542019000677	0.186603814068554
POLE3	0.118104766718288	0.117591344915465	0.0374670556517888	0.186124286834754	0.223320955750205	0.0865985187180341	0.0545615073564868	0.0686436657311688	0.100377861508666	0.217950270695682
POLE4	0.228519514521851	0.198816168879345	0.0340057508254553	0.120073475612758	0.166431716781931	0.0712894763075337	0.0451361234293646	0.0547689826935222	0.0824471142533555	0.190716418109955
POLR2A	0.149210330150029	0.153495041617449	0.0391349455681449	0.135143518465479	0.212600077905782	0.0858473289528039	0.0481652697485274	0.0679937724118196	0.108540498328579	0.210577817596365
POLR3G	0.07501178248855	0.0872953631517503	0.0238984127712448	0.074001386463991	0.126808716393399	0.0764981521052096	0.0379051360638849	0.0471523220621508	0.0655122057995097	0.253643814406782
POU2F1	0.053343744483772	0.0586017491245401	0.022445491476062	0.0604138975977937	0.104903766578122	0.0421685501466856	0.0455879069782246	0.0365338267402482	0.0788297404759184	0.152829237797571
POU2F2	0.300054621133421	0.263209684858279	0.0353152638151789	0.0804307882059143	0.131134870205108	0.0673847384048523	0.0313786357289881	0.043233176505165	0.0579902880918647	0.0901820346744
POU3F1	0.0136396959819105	0.0119624748669587	0.00341098088067016	0.0063025542448083	0.0159797112636113	0.0100947023366698	0.0121252422796718	0.00811012002117251	0.00492494541651223	0.0415069112604916
POU6F1	0.133243587246838	0.157977256218147	0.0180170385575046	0.0566560732152084	0.0925759001865386	0.0540208379816131	0.0270468321436846	0.0381866171169988	0.0566156816027842	0.111483417997788
PPARA	0.0322652096074026	0.0401599056331573	0.00992869786070383	0.0736984272321679	0.108890301457607	0.11000828897113	0.110425852520409	0.149103713583028	0.0997170818457052	0.306898701989149
PPARG	0.0837739811474641	0.0710088865504656	0.014336144720254	0.0640649415339135	0.0830940095279508	0.161366387228977	0.0549049916786708	0.0546278557569089	0.0751117491856752	0.312444356881812
PRDM1	0.0639045646507063	0.0671660774371881	0.0171271879054716	0.0750538326081674	0.139044121896128	0.0845455297852421	0.0733868427234659	0.0797987135969758	0.113172733033626	0.376219569843154
PRDM6	0.144507108214177	0.137326394669077	0.0388638177044698	0.165818668469494	0.23846331150998	0.0985741082888725	0.0511542581690654	0.0714524867721031	0.105034290884001	0.17092977413386
PRRX1	0.0855236007931487	0.0258454010983135	0.0240620362816952	0.051559402285292	0.118709586080556	0.0563018900385217	0.0643430537013862	0.0720111685291975	0.104591223348019	0.193588677984107
PRRX2	0.035999211771064	0.0602671305803278	0.00877651944867253	0.0168524882480141	0.0447783543979168	0.0300172440779541	0.0280360295443146	0.0275530574013801	0.0417222802549874	0.261589250956123
RAD21	0.148984872309204	0.145945006961257	0.0378609912841177	0.173472416238481	0.214564524722846	0.0896511883157584	0.0529144326354408	0.0700407356374644	0.110031058487361	0.199289395070763
RARB	0.0153996888937969	0.0106501538176207	0.0105838808426929	0.0246928171692585	0.0502401015276251	0.034874473728453	0.0221059289028432	0.0415585595956018	0.0752643237799445	0.0380489233564203
RARG	0.0709532275528055	0.072603777096269	0.0241118406040941	0.11335045426227	0.194363286041172	0.0986392535444884	0.085631302757164	0.0987853206787849	0.181432087562843	0.268824029625459
RB1	0.0947558922692747	0.0895489320636598	0.0225347040098711	0.113655907283426	0.175805339630775	0.0924250497456783	0.0913931417672189	0.0953119799097302	0.12697892471125	0.291920695570694
RBBP5	0.109810243467245	0.114295848495401	0.028979615986501	0.109217495672352	0.182302431839385	0.0929453795306132	0.0703234260317673	0.0804907529824759	0.116970651820014	0.282860615656684
REL	0.0884606847112787	0.0898442518897038	0.0153023423287028	0.0880399640943323	0.129453844372075	0.179653764461534	0.072224281526193	0.087617980371641	0.126439872393063	0.255082717310401
RELA	0.091246380469332	0.101775224749315	0.0204133463758761	0.0818752776014484	0.135288126892725	0.0876200524786223	0.0722183650132839	0.0921069530903055	0.123893495484764	0.344744970694189
RELB	0.0791088256108435	0.0772332067131869	0.0222242177243837	0.0921257171458207	0.146331634914889	0.103738842802447	0.0662974164036576	0.0764941419579891	0.0982757667065717	0.394731419248693
REST	0.0278117012177035	0.0324715523347109	0.0151144346183275	0.136458122931976	0.215876928310629	0.115445491261687	0.0963125884697951	0.11886690290622	0.161790675554166	0.219679385956939
RFX1	0.139493701378631	0.0599663966176691	0.0142461754674368	0.0438578512755911	0.0764153184656431	0.0422862859000509	0.014476135887085	0.0459702119662585	0.0446869654737527	0.397774851653602
RFX2	0.0213823656589587	0.0276540152509321	0.0108270101875726	0.0112694089099434	0.0387211922715675	0.0386241038471716	0.0275647785813562	0.0181329452175668	0.0285038897497922	0.0559568212789854
RFX3	0.126962268666551	0.159550105339771	0.0200985376954277	0.0911479018936802	0.151770845424304	0.0734363710257625	0.0469663174528663	0.0721090640355877	0.0995531086104532	0.180382135037945
RFX5	0.0544753080888041	0.0562211617097133	0.0115754891439646	0.0755178380369521	0.113203568443028	0.108753372050437	0.0469036682717328	0.0567350198945284	0.0750038960011337	0.390553355133942
RFXAP	0.0384568003197058	0.0304005296461509	0.0062382241598028	0.00565546303891828	0.00980767857651854	0.000877729351437151	0.00339065631648816	0.0118258121438845	0.0146204631244239	0.00307796441042629
RNASEH2C	0.0330007477808183	0.0562444293294921	0.0149783280458395	0.0197295584136571	0.0657477011968539	0.0268118057073091	0.0274281100420911	0.0328221377819156	0.0437757022808835	0.210756446650298
RORA	0.257132634130112	0.162119699923086	0.0331995282443541	0.0338984868614355	0.0620290160257746	0.0762324344204343	0.0122777329886683	0.0175565122086189	0.189099771939922	0.0821518329272205
RORB	0.0728215890483489	0.0589133535222021	0.0128969649315593	0.2475951223036	0.122985975555289	0.09253242494028	0.065672521479466	0.0775383161297911	0.109508698547475	0.177482365472355
RREB1	0.0460540760930174	0.0571181315037376	0.0153009912670866	0.107594736510738	0.186203971332023	0.104248777713507	0.100857752922644	0.106910597266754	0.131746867389336	0.247584784305346
RUNX2	0.0181145979505304	0.016258669196238	0.005333872562439	0.0327217076351047	0.0509762597126762	0.0376913093327188	0.0717685857657702	0.0631670801343891	0.0509057554860013	0.499074267086638
RUNX3	0.122069832109813	0.125936649943003	0.0374976120639473	0.110013481840502	0.152385919380075	0.0809300636022413	0.067164965175584	0.0343309287330453	0.0800454188733399	0.23633990065458
RXRA	0.161726386202619	0.146028691596412	0.0274914818579604	0.121961411562656	0.156531602651239	0.0707473225885599	0.0513736409320237	0.0622871234468386	0.099609715762074	0.244187191541348
RXRG	0.0574739937187264	0.0515459500736153	0.0151057539916071	0.0842917877179091	0.139148575112712	0.0811766452726392	0.11475122528074	0.101228309196252	0.118438153078839	0.397468988176022
SALL1	0.0308160363750151	0.0415462078110093	0.0156459425570886	0.00909134451799476	0.0312990057582599	0.0148128743433488	0.0088590392030069	0.018411102809563	0.0331917746667036	0.0166823628634571
SETDB1	0.00946586468075028	0.0140723619235368	0.010834651476723	0.00540738911991245	0.0164268171951811	0.00971367496450071	0.012733281743628	0.0103733200550705	0.00979113791575459	0.0364000502050226
SF1	0.145867314288683	0.142762880762318	0.0299550714552105	0.119337977039142	0.171736286292956	0.108961629008863	0.0410622829804563	0.061436257210887	0.0899091991975082	0.190160106019035
SIN3A	0.120995542102664	0.116882045384432	0.0276051754189447	0.0955671571045241	0.171923785377719	0.104574341021665	0.0419976004784872	0.067716501243143	0.115476394589597	0.21775908368555
SIRT6	0.0786651873461593	0.110878083942262	0.0180504766406682	0.0457555512212985	0.0957745961935605	0.0409565047800841	0.0266232457081853	0.0554454281216836	0.0755459591864788	0.214455412550394
SIX5	0.035785766088768	0.0375885618907033	0.0106759796864425	0.0652252649162315	0.114162202618794	0.0971248821045709	0.0698698503163926	0.0848761878794393	0.104398480505993	0.408960029034384
SMARCC2	0.184434392394577	0.168599187923423	0.0342867866730762	0.118625967396472	0.187454765092874	0.0817509567934759	0.0517681427698785	0.0676580091529638	0.110857488837723	0.219090656914244
SOX1	0.0551723319759659	0.0669017445219279	0.0138455569036997	0.109552487736581	0.148151799508695	0.127840620455552	0.0473980605661363	0.0903038586733078	0.147339314692094	0.141443213184029
SOX10	0.0989762350911956	0.0955733673893379	0.0272467108417908	0.134201603790551	0.201465757554073	0.103426667538387	0.079507520357463	0.091601595121954	0.138650090596588	0.261603207904825
SOX15	0.115501057039669	0.122129563762691	0.0258903316589589	0.0866987402831658	0.157155160163913	0.0938208537224905	0.0590077417166849	0.0640055605962051	0.22920297178791	0.156126091843166
SOX17	0.145544556735502	0.154691819081981	0.0144943575484751	0.0416223946475289	0.0756649394523502	0.125905454864367	0.0281634185452628	0.0516729438080468	0.0648065080518171	0.268299736864371
SOX2	0.0666393882415074	0.0710664892032542	0.028046059905793	0.159607689612592	0.246463588303061	0.111496650789631	0.0701535607432002	0.0850000390330495	0.147148592345604	0.223394602376405
SOX4	0.203881208856072	0.214054074444988	0.041302193640211	0.132107785705391	0.189729869484669	0.0857448578088872	0.0374989032543677	0.0570045294687033	0.104592783891635	0.152793852349817
SOX5	0.0176220132518572	0.0257731824021813	0.0124299391512943	0.0452990776035381	0.124907223474523	0.0778064396705898	0.0427068521295066	0.0647089815599642	0.115730657366269	0.0869614696204992
SOX6	0.0336265430849169	0.0310113159244684	0.00704856814357024	0.0466623835995083	0.0804105293895647	0.076826161878071	0.0731453785024423	0.108584285901047	0.0865807840832208	0.494487185900649
SOX7	0.0676772797251275	0.0696027015446309	0.017960324137358	0.0623361730479786	0.0953625937868301	0.0658839046676504	0.027315580237559	0.0697802858541494	0.052341480926726	0.246255394360465
SOX8	0.100611422319625	0.0819649720057443	0.0206345768557558	0.107260363752493	0.153622223869294	0.175671471992455	0.0817036476807093	0.109183072162699	0.110040532698771	0.243094210337443
SP1	0.0838452142590308	0.0945506195526958	0.0251373009170009	0.126975966417112	0.211091140128461	0.101848268606401	0.0792730671501098	0.0994312634851205	0.138370258062129	0.237344777136927
SP2	0.110843000850668	0.10556758512274	0.025930170189632	0.10420009172924	0.177423588460485	0.0955651208608477	0.0607086516546934	0.0759954171135369	0.143559081380898	0.299715429410762
SP3	0.127481180461414	0.125919148094612	0.0285436454906813	0.147171537694914	0.194457091442342	0.105270572012836	0.0598661075074104	0.0776098402953608	0.119876732922873	0.224748955680023
SP4	0.165595180622397	0.186131114440924	0.0296858931471308	0.0829815472632317	0.167432842414391	0.0908244150655337	0.0471216374473159	0.0706221817852363	0.106561191003878	0.200511550789066
SPI1	0.129565038594421	0.122936629010319	0.0344019940801278	0.129075402001284	0.201869283749777	0.0794008374120607	0.0606163610275031	0.0780932952149513	0.120537753869277	0.258105676061942
SPIB	0.0607649952900366	0.0665718248758636	0.0186590494768502	0.0708901309622353	0.122020208068059	0.082279753416482	0.0649059187204812	0.0763752904500397	0.0931117986636476	0.456377337378153
SREBF1	0.00930150707739963	0.0146965596157923	0.00328342325361952	0.0060333285457097	0.0191839128625504	0.0248534363472465	0.0523719893931561	0.054044048944322	0.0132591310950628	0.0636010992593768
SREBF2	0.190478280238371	0.164849298920234	0.0312736691311278	0.112399642065395	0.172538293040277	0.0756025366799359	0.0642551978162034	0.072881089993486	0.101483220411095	0.237580847441537
SRF	0.129772855114001	0.127869980750883	0.0244133056079308	0.115207402511525	0.15152747918487	0.158750789504041	0.0504182181398254	0.06850331836918	0.0816884814395266	0.156472036809866
STAT1	0.0844750966276416	0.0838715507801508	0.0211636033920931	0.0952778427302357	0.142981065800691	0.0929135470316181	0.0645335220833606	0.0814787817809688	0.115513617026265	0.394113503753162
STAT2	0.0885122541484923	0.0805361711932003	0.0204690290334679	0.0858935130456445	0.148154377394969	0.0850201027682864	0.0577485104228377	0.0772046067482891	0.107818818953878	0.399381832117503
STAT3	0.0553771904328294	0.0584198591074274	0.012587830204836	0.0466082851147102	0.0960295140271064	0.136228688436139	0.0558547194999137	0.0609392076827779	0.0657902127598244	0.352010725799868
STAT5A	0.123577832546685	0.11182750675209	0.0163500770541871	0.0592002391987131	0.0987750095351336	0.111763086647869	0.06348562041868	0.0608981146396068	0.103404297421257	0.283789993917865
TAF1	0.131505508562851	0.127095013075086	0.0299964628058701	0.0982005360050056	0.178509367409104	0.0971122715252081	0.0560158857580864	0.0810515848474259	0.119393698548403	0.257651878756748
TAF7	0.153639035506201	0.143737679621013	0.0355379335060495	0.14373994591646	0.20242697379278	0.108214240729357	0.0528946520410174	0.0709593213482653	0.106013988534826	0.221471106458327
TBP	0.155572360981479	0.157097081286083	0.0363304809511764	0.0946302015525411	0.156607485838783	0.0501935222329529	0.0501118257278613	0.0734661763664238	0.125503172204032	0.158773971550255
TBX1	0.0288482252818243	0.0254114384432326	0.0236529889319911	0.0259212165548661	0.0577472268029156	0.0575294361067371	0.0229009998861179	0.0520016075792255	0.105211936012193	0.192231952548678
TBX21	0.0194185944753077	0.0228489843724536	0.0102336234502924	0.0228025252250007	0.0498041765644281	0.0497974695061548	0.049241579116279	0.054509516802201	0.0422597715463494	0.289749701829774
TCF12	0.0617391147666715	0.0920944193777995	0.0468689860559113	0.135186099671915	0.259389871035941	0.126400107493022	0.031626085982783	0.0616804264200074	0.16134819728747	0.104605732741378
TCF3	0.0602323444837336	0.0727864944849588	0.0313021431958267	0.10401569363885	0.135629962036273	0.0601690166583397	0.0323768906295826	0.0474152770845527	0.0659564690315297	0.129678636027016
TEAD1	0.0844056938594275	0.0610902713167059	0.012519950372461	0.0839971747187479	0.136182064804738	0.100799421124384	0.129306359616062	0.112745140818037	0.12009043055446	0.265448738666135
TEAD2	0.114633626218604	0.109712813855654	0.0431684381118346	0.176384225534309	0.254594314554685	0.0916202751658763	0.058544334099814	0.0778518661865291	0.131380412009572	0.172613057829243
TEAD4	0.0697702863804972	0.0590755290458961	0.0177445550327245	0.101898887733358	0.141328084382202	0.079848461792231	0.0892146708237785	0.119005721790385	0.0990846273711292	0.372302372663613
TEF	0.0541666470204595	0.0605159613598294	0.0175190764583237	0.0614530430304961	0.145680249441326	0.103783054446817	0.0673595202866938	0.0839973176953476	0.129198328661358	0.278611434892222
TFAP2A	0.0885297834781802	0.0654390509788129	0.0213936657772931	0.0875230567622064	0.139005815987169	0.0917662524550777	0.0832967243096175	0.152457941815382	0.115547974312499	0.309993297346567
TFAP4	0.0222864572674669	0.0212882813950639	0.0195965278993501	0.0217378147713728	0.0555356820176605	0.0109639526008516	0.0140819859080867	0.0305269181649767	0.0402658876428126	0.0543751436305469
TFDP1	0.124783212808859	0.123821647413184	0.0356892266228863	0.187017705034208	0.212514642453127	0.0704389896660311	0.0592889710517528	0.0716879151195495	0.0954716811999905	0.229394765899439
TGIF1	0.00441532701211289	0.00287510551296011	0.00440812717084027	0.00196853174362821	0.0147657545023984	0.00609031980848995	0.00428116019129665	0.00601046434046126	0.00586371138849295	0.00370845768753647
THAP1	0.150016004791762	0.149370959339645	0.0352945254280611	0.127153877607315	0.198305734329506	0.110809286056106	0.0523581317877289	0.0718973925225228	0.109725500845629	0.212237748443
TOB2	0.00454637162468541	0.00432133801946033	0.0026888720715641	0.00109895755437872	0.00743420645843496	0.00277239606127844	0.00619083271371135	0.00253560795978003	0.00297121487415475	0.0169782848338413
TP53	0.146395016777582	0.139193738245353	0.0402956370675676	0.159176952723401	0.222192807196573	0.093099980865829	0.0525337900691453	0.0689843466301556	0.111606116062597	0.203825105315873
TPI1	0.157623602676306	0.147175127900639	0.0435888290693041	0.179582655351687	0.230179346404451	0.0798126049719289	0.0529061589626677	0.0681903912764836	0.113606915433287	0.15583138239647
TRIM28	0.150876125043962	0.146335298086991	0.0357319591573784	0.157569896295033	0.213423287346398	0.11580033715562	0.0485507776675868	0.0720630007169674	0.108794191807829	0.181554072640299
TRPS1	0.173843029030598	0.102658484623586	0.0140876996022532	0.0343771252844202	0.0774144225846305	0.0656128693761843	0.065491417599862	0.0443277149679694	0.0854636989000134	0.126944250099585
TWIST1	0.00726120248588258	0.0472337252622226	0.0063907009862425	0.0266060832098998	0.0469656334061822	0.0646662695142146	0.0221601114864673	0.0794180487201492	0.057584979513571	0.0899410514937109
UBP1	0.070700743613312	0.0764910627443803	0.0274978489010035	0.0675816692467842	0.159302852380132	0.097391001074315	0.0503672352807849	0.078552177728931	0.113367432739668	0.121087661597528
UBTF	0.15481368246077	0.139146638129179	0.0280364838275964	0.137549784380628	0.188130609404589	0.113268679782652	0.0551571343975118	0.0800155897131614	0.121432989097227	0.204484531350807
USF1	0.0126999841570516	0.021744419853393	0.0061012007734762	0.0236542514010883	0.0513939359657197	0.0292397574143871	0.0241988598188074	0.0569475341830273	0.0981769834639364	0.104353678996814
USF2	0.144406198430521	0.138085793530846	0.0341610076861942	0.0949284963575059	0.186678142566608	0.0924750797675602	0.0627221824940094	0.0782717008988517	0.120734207113948	0.193593320108366
VAX2	0.0530140024900893	0.0538524972742421	0.00649449401053981	0.0107138238670458	0.0354852948158466	0.0223681517174849	0.0117756393309163	0.0318244064268079	0.0704205174383318	0.130339547471568
VEZF1	0.125298119407153	0.126426451222905	0.0303681214574543	0.139209087682077	0.208762837201963	0.107172907757001	0.0588340852292819	0.0801719442961213	0.119867679640263	0.218960671165819
XBP1	0.133213757136691	0.123326239653083	0.0302403892878707	0.130419278844343	0.181276800758746	0.123188726157561	0.0607981201126112	0.0737296943512141	0.102335017775935	0.271179249934549
YBX1	0.159336097890915	0.15209351959379	0.0399065176542949	0.184078498378335	0.21615528197151	0.0894003833821695	0.0482045942763921	0.0638992740229145	0.102920038457787	0.183973176639184
YY1	0.156744444452248	0.148647250960188	0.0342856672078442	0.145052541607106	0.20131887598355	0.116852890478392	0.0512820175111298	0.0706202657216949	0.107331454472062	0.204481404039504
YY2	0.138098575629086	0.102177956027646	0.029538391297286	0.124898038371272	0.170127449150402	0.0813063853933921	0.0482481000731851	0.0609746085864569	0.0992809768903263	0.223461699733668
ZBTB7A	0.122056928042241	0.119798162731976	0.0224660149738382	0.0947780372205905	0.150985950810028	0.122747004365368	0.0596387781120208	0.0767247986622693	0.103024619544435	0.317641671962848
ZBTB7B	0.0996785542705717	0.109646349271723	0.0182757858252284	0.054149999346041	0.116664241925526	0.116073943697594	0.0378786553959539	0.0599986750297214	0.0800154385513204	0.32533606182302
ZEB1	0.178319399829786	0.169135394611678	0.0298831671764093	0.106389419699415	0.173426134485125	0.100991565627969	0.0507278492432962	0.0753317811070577	0.120742098336582	0.219640853287196
ZFHX2	0.197646794014276	0.198827352252529	0.0228936539773115	0.0424449114749376	0.054151901104414	0.0258252203210392	0.0150181818318983	0.0316715383766375	0.036623303709978	0.130063865027061
ZFHX3	0.193024425681863	0.185728050163305	0.0267678239603992	0.0505700188609242	0.0832838339972944	0.0283215092643686	0.0121155902402106	0.0162527439188804	0.0210875981820071	0.0274246541492756
ZFX	0.0506473003696094	0.0700108867340071	0.036755591694239	0.0242690415078186	0.0521820358261615	0.0543161184955402	0.0124782320250377	0.032886924706475	0.0370080557041282	0.0998363269159339
ZFY	0.0481462783243664	0.0513066580144429	0.0219903067111834	0.0242620238391158	0.0668788080227625	0.044256170206081	0.0956654194555616	0.0439606980323605	0.0524641899956194	0.0995609846944905
ZKSCAN7	0.0903744554933907	0.0821119221154681	0.0210628752968613	0.0490181027229375	0.0981285153266034	0.0614770403297296	0.0253066040627759	0.0445345806165837	0.0529705398593111	0.0570997109143678
ZNF121	0.0275024908966507	0.0458229681210887	0.0172771843225684	0.0154669854910069	0.0425130289314021	0.0172840950097317	0.0272147813886674	0.0257328323511001	0.0551449997538774	0.0868779007043037
ZNF143	0.127804013940825	0.113089349508026	0.0451483834018115	0.154633698590046	0.223469640618336	0.0956247310417834	0.0391110939056976	0.0584277369761824	0.0767358283060714	0.208493510082244
ZNF16	0.0432500207011348	0.036033233071761	0.00618595742208639	0.0147088837496204	0.0240185102144406	0.0173311796676042	0.011600360406406	0.0196626167420972	0.0274517830231132	0.0512661873303004
ZNF189	0.0855780113705893	0.0988802004578601	0.0274368194188167	0.0865375270852146	0.200329613987745	0.109734291808512	0.0653249281787989	0.0717776730294709	0.139188161945119	0.198847668439491
ZNF195	0.0155038736541974	0.0150828413261859	0.000528685408315521	0.00373142462778542	0.0123508707854242	0.0127347012456868	0.00673194905131402	0.0174691140982662	0.0371228476825974	0.0480150113197015
ZNF214	0.0321900087863435	0.0290862390407114	0.0106821396848032	0.0154408053900144	0.0593918335217082	0.0223094064814926	0.0433640757979061	0.0255245564316209	0.046640256718042	0.19707778325043
ZNF219	0.0649345197264226	0.0730481932104619	0.0303040277546295	0.0889109492300972	0.173314931432467	0.135360157706134	0.0472871871898524	0.0731037036178396	0.0903063844479355	0.148285298501182
ZNF224	0.0106978773956966	0.0114969487820801	0.00641604624072611	0.00291980106579581	0.0129917634497412	0.00818664458414609	0.00627343618251663	0.0127714035044536	0.0234903727389469	0.0138477431130464
ZNF233	0.167675165398731	0.147066778086813	0.0172221320739026	0.0725062356186277	0.123906986962754	0.0629554058647084	0.0716521737486818	0.0625861416954423	0.100522408322911	0.219285617636472
ZNF235	0.141720641149137	0.124030334221103	0.0108694158017415	0.041229181381914	0.0828310685476461	0.0678440704467318	0.0755315613216843	0.0827654398185649	0.0787083740301054	0.228297652408645
ZNF250	0.0124585263636545	0.0174458409136565	0.010447411451956	0.0149270425523124	0.0241298670913835	0.0124052978207158	0.0105393814370016	0.0210327210945483	0.0133824877431826	0.028142169676128
ZNF254	0.0889596966666831	0.0745894517371154	0.0203140680042891	0.0665087469512267	0.12634503493163	0.0790060493419061	0.0583234609157474	0.067464812534887	0.103453130016206	0.271161420765655
ZNF263	0.0981318130414045	0.169987169027751	0.0221672754043121	0.0523118538067577	0.0852435312775977	0.0800435150276253	0.0378304731654866	0.0515464544832288	0.0690958155804632	0.121826686575321
ZNF274	0.12401012062298	0.126089829554403	0.0280456057457135	0.113771380961476	0.180394215012991	0.121258165823605	0.0479017568071827	0.0662843091751555	0.107712608871409	0.24462792022851
ZNF28	0.0162845047507552	0.0248165448669221	0.0118442721892962	0.00862653770269484	0.0229020833715976	0.03626406106101	0.0265542403607261	0.0279682640818772	0.0187253171183489	0.0539769393948845
ZNF333	0.0462435301899357	0.0596787742557152	0.0144716356937816	0.0245863888731721	0.0597403085261229	0.0233676510165202	0.0314234783772951	0.0350660081534414	0.0396821522632783	0.19217162649306
ZNF350	0.0554025958731545	0.0623306577623391	0.0187294439658874	0.170830248346406	0.237512812533306	0.0889488747801639	0.0651971160490388	0.0798790611071972	0.137622658244662	0.18986822880643
ZNF425	0.127958529089961	0.100280920262457	0.0150625834388045	0.0123801144117927	0.0281331963659122	0.0071981386820722	0.0168700043575262	0.0198766427701432	0.0170390928773121	0.0518165646550515
ZNF467	0.204532368853791	0.189739214584287	0.0293158941585606	0.0991077845566097	0.149321578683452	0.111500031915599	0.0412471763021646	0.0624991893608002	0.0869284836560094	0.177345401173795
ZNF471	0.0934529764570734	0.0937403942854398	0.0244085837249487	0.0866875228620709	0.16251949382071	0.107300584446965	0.063727776032561	0.0783010062899469	0.107454681355053	0.323400024547396
ZNF502	0.133227389712043	0.119398948453423	0.0220873345131892	0.0708588931302798	0.134885714619255	0.14089212283384	0.0590091304085716	0.0845768893537473	0.111733859575803	0.206296122745993
ZNF513	0.0784421154899931	0.0837937405554705	0.0295100375202804	0.0508350015648448	0.113862841308457	0.0855788001371011	0.0307443145182293	0.054895364784788	0.0674699027083894	0.119752068485365
ZNF540	0.116671663574644	0.0953191704984866	0.0186240226739824	0.0285399969280833	0.05413917266984	0.0318639451848356	0.0161048122571986	0.0258551325095076	0.0435908679190027	0.0500068514055332
ZNF554	0.139760488802511	0.125331282381172	0.0261366767336185	0.13706687697132	0.171207902482526	0.0906996955686955	0.0593793831981458	0.0749023024019058	0.09561084371157	0.274122038627807
ZNF562	0.012460443941131	0.0208338980174011	0.0254260209598088	0.0108604290301142	0.0275631782401689	0.0237220056746416	0.0034870410584722	0.0137912338418287	0.0659905634860615	0.0162198570255568
ZNF597	0.0639449616947023	0.0615861416933245	0.0107360801648222	0.0754347683418248	0.104486169907059	0.11302173144763	0.0804496222045226	0.0852602083553935	0.111854956080642	0.312243875809736
ZNF627	0.0106261420884092	0.0111773503225477	0.00457612996964163	0.00184606626504902	0.00891276850518363	0.0065338005630543	0.00266130413299026	0.00378767350806364	0.00360948831257479	0.0155072152694239
ZNF66	0.00352249771554314	0.00510975649841472	0.00196686358421183	0.00451983999454897	0.00863079131054356	0.00353612939589165	0.0217584239213628	0.0141233261462086	0.016331016170707	0.0326406985023936
ZNF721	0.0750903518770657	0.0695394022760011	0.0149349227574004	0.0521574559744278	0.118433935999923	0.112393760908685	0.0463234909628922	0.0743063509094027	0.218899991456799	0.111687605789742
ZNF740	0.0404459736386983	0.045826811301067	0.017836498656598	0.117490023891888	0.206866847296045	0.0965641104403329	0.09322452123387	0.109842301357552	0.146977866479286	0.215202410630424
ZNF768	0.142847177729408	0.139616888692943	0.0332026479983235	0.14052801342841	0.180978662399496	0.0660071446280234	0.051354746673358	0.0739309244266245	0.104380434879983	0.261308245314679
ZNF789	0.0102281337334552	0.0205101247652776	0.0107421118593191	0.0190894207391252	0.0858862118552427	0.0420482542760738	0.0314331302758529	0.0319890176425744	0.120077028353399	0.0458412169672616
ZNF792	0.0837825241146714	0.0866821778868953	0.0444708121822077	0.11561667143866	0.202249401355367	0.0658335908512093	0.0351260305061537	0.0444147401251922	0.0911399095848685	0.0635189055289779
ZNF805	0.140915348917543	0.126227889147302	0.0196762536624999	0.0714940300229391	0.0998967483181225	0.0724775504734767	0.0389034721242174	0.0545960532448907	0.0902316024779143	0.109875813134962
ZNF853	0.238782445638014	0.0578867961690455	0.022331628355778	0.0177797006395095	0.0424766838136631	0.0200327394923395	0.0170771471542809	0.0284401156697356	0.0242847021118345	0.0471826286855594
ZNF90	0.0184177790907092	0.0211068136306931	0.0044744396962717	0.00992433285406147	0.0202348713911427	0.00530995180277793	0.020290137807591	0.0073761221293871	0.0121799052743247	0.0785703848825796
ZSCAN2	0.0993139919843158	0.101418474178266	0.0159151096038094	0.0267836685988282	0.055165800875933	0.0221977718261335	0.0175922575044776	0.036926835881571	0.0442728500485673	0.0423233734132686
